case_name,time_s,thermal_los_x_urad,thermal_los_y_urad,thermal_los_norm_urad,nonthermal_error_x_urad,nonthermal_error_y_urad,nonthermal_error_norm_urad,thermal_plus_nonthermal_error_x_urad,thermal_plus_nonthermal_error_y_urad,thermal_plus_nonthermal_error_norm_urad,no_correction_success,no_correction_acquisition_time_s,no_correction_residual_x_urad,no_correction_residual_y_urad,no_correction_residual_norm_urad,no_correction_pointing_error_x_urad,no_correction_pointing_error_y_urad,no_correction_pointing_error_norm_urad,no_correction_thermal_residual_norm_urad,no_correction_scan_index,static_bias_correction_success,static_bias_correction_acquisition_time_s,static_bias_correction_residual_x_urad,static_bias_correction_residual_y_urad,static_bias_correction_residual_norm_urad,static_bias_correction_pointing_error_x_urad,static_bias_correction_pointing_error_y_urad,static_bias_correction_pointing_error_norm_urad,static_bias_correction_thermal_residual_norm_urad,static_bias_correction_scan_index,bcase_correction_success,bcase_correction_acquisition_time_s,bcase_correction_residual_x_urad,bcase_correction_residual_y_urad,bcase_correction_residual_norm_urad,bcase_correction_pointing_error_x_urad,bcase_correction_pointing_error_y_urad,bcase_correction_pointing_error_norm_urad,bcase_correction_thermal_residual_norm_urad,bcase_correction_scan_index,thermal_truth_correction_success,thermal_truth_correction_acquisition_time_s,thermal_truth_correction_residual_x_urad,thermal_truth_correction_residual_y_urad,thermal_truth_correction_residual_norm_urad,thermal_truth_correction_pointing_error_x_urad,thermal_truth_correction_pointing_error_y_urad,thermal_truth_correction_pointing_error_norm_urad,thermal_truth_correction_thermal_residual_norm_urad,thermal_truth_correction_scan_index,thermal_plus_nonthermal_no_correction_success,thermal_plus_nonthermal_no_correction_acquisition_time_s,thermal_plus_nonthermal_no_correction_residual_x_urad,thermal_plus_nonthermal_no_correction_residual_y_urad,thermal_plus_nonthermal_no_correction_residual_norm_urad,thermal_plus_nonthermal_no_correction_pointing_error_x_urad,thermal_plus_nonthermal_no_correction_pointing_error_y_urad,thermal_plus_nonthermal_no_correction_pointing_error_norm_urad,thermal_plus_nonthermal_no_correction_thermal_residual_norm_urad,thermal_plus_nonthermal_no_correction_scan_index,bcase_correction_with_nonthermal_success,bcase_correction_with_nonthermal_acquisition_time_s,bcase_correction_with_nonthermal_residual_x_urad,bcase_correction_with_nonthermal_residual_y_urad,bcase_correction_with_nonthermal_residual_norm_urad,bcase_correction_with_nonthermal_pointing_error_x_urad,bcase_correction_with_nonthermal_pointing_error_y_urad,bcase_correction_with_nonthermal_pointing_error_norm_urad,bcase_correction_with_nonthermal_thermal_residual_norm_urad,bcase_correction_with_nonthermal_scan_index
10_LTAN06_800km_HOT_MY_ALL_HEAT_MY_0p5,0.0,17.264109989458376,160.75078113078428,161.675177834711,-22.396679067786923,-24.626432471120726,33.28772160301924,-5.132569078328547,136.12434865966355,136.22107606153116,1.0,5.800000000000001,17.264109989458376,0.7507811307842758,17.280427252659532,17.264109989458376,160.75078113078428,161.675177834711,161.675177834711,57.0,1.0,0.1,0.7041105760579924,-0.47187243607422147,0.8476056271895192,0.7041105760579924,-0.47187243607422147,0.8476056271895192,0.8476056271895192,0.0,1.0,0.1,0.7041105760579924,1.8432044983453864,1.9731129025064393,0.7041105760579924,1.8432044983453864,1.9731129025064393,1.9731129025064393,0.0,1.0,0.1,0.0,0.0,0.0,0.0,0.0,0.0,0.0,0.0,1.0,3.2,-5.132569078328547,16.124348659663553,16.92152135720096,-5.132569078328547,136.12434865966355,136.22107606153116,161.675177834711,31.0,0.0,nan,nan,nan,nan,-21.69256849172893,-22.783227972775336,31.45859190472141,1.9731129025064393,nan
10_LTAN06_800km_HOT_MY_ALL_HEAT_MY_0p5,60.5,17.144896673255445,160.78534375537114,161.69685911751492,-119.53566322645605,-97.27015588502626,154.1111871633141,-102.3907665532006,63.51518787034489,120.49086341112023,1.0,5.800000000000001,17.144896673255445,0.7853437553711444,17.16287408188693,17.144896673255445,160.78534375537114,161.69685911751492,161.69685911751492,57.0,1.0,0.1,0.5848972598550617,-0.4373098114873528,0.7303045089612029,0.5848972598550617,-0.4373098114873528,0.7303045089612029,0.7303045089612029,0.0,1.0,0.1,0.5848972598550617,1.8205686623325334,1.9122173147561523,0.5848972598550617,1.8205686623325334,1.9122173147561523,1.9122173147561523,0.0,1.0,0.1,0.0,0.0,0.0,0.0,0.0,0.0,0.0,0.0,1.0,4.9,17.609233446799394,-16.48481212965511,24.121238225553487,-102.3907665532006,63.51518787034489,120.49086341112023,161.69685911751492,48.0,1.0,2.7,1.049234033399017,24.550412777306278,24.572823598295866,-118.95076596660098,-95.44958722269372,152.51199436445546,1.9122173147561523,26.0
10_LTAN06_800km_HOT_MY_ALL_HEAT_MY_0p5,121.0,17.00807142956387,160.81075322929414,161.70767714591068,21.692794309863146,-98.71853306223029,101.0738645492923,38.700865739427016,62.09222016706384,73.1655712357683,1.0,5.800000000000001,17.00807142956387,0.8107532292941357,17.0273842545459,17.00807142956387,160.81075322929414,161.70767714591068,161.70767714591068,57.0,1.0,0.1,0.44807201616348635,-0.4119003375643615,0.6086299530539444,0.44807201616348635,-0.4119003375643615,0.6086299530539444,0.6086299530539444,0.0,1.0,0.1,0.44807201616348635,1.817367277327378,1.871788543711372,0.44807201616348635,1.817367277327378,1.871788543711372,1.871788543711372,0.0,1.0,0.1,0.0,0.0,0.0,0.0,0.0,0.0,0.0,0.0,1.0,0.6000000000000001,-1.299134260572984,22.092220167063843,22.130385033636827,38.700865739427016,62.09222016706384,73.1655712357683,161.70767714591068,5.0,1.0,1.7000000000000002,-17.859133673973368,-16.901165784902915,24.58857581222675,22.140866326026632,-96.90116578490291,99.39846021010698,1.871788543711372,16.0
10_LTAN06_800km_HOT_MY_ALL_HEAT_MY_0p5,181.5,16.854782518942052,160.82800089915028,161.70878011715357,-138.34876448162225,-74.20884551944891,156.9946922253132,-121.49398196268021,86.61915537970137,149.21013950747755,1.0,5.800000000000001,16.854782518942052,0.8280008991502825,16.875108273721633,16.854782518942052,160.82800089915028,161.70878011715357,161.70878011715357,57.0,1.0,0.1,0.29478310554166853,-0.3946526677082147,0.4925929429478269,0.29478310554166853,-0.3946526677082147,0.4925929429478269,0.4925929429478269,0.0,1.0,0.1,0.29478310554166853,1.8060160944492054,1.8299156299464605,0.29478310554166853,1.8060160944492054,1.8299156299464605,1.8299156299464605,0.0,1.0,0.1,0.0,0.0,0.0,0.0,0.0,0.0,0.0,0.0,1.0,4.9,-1.493981962680209,6.619155379701368,6.785661356525491,-121.49398196268021,86.61915537970137,149.21013950747755,161.70878011715357,48.0,1.0,4.1000000000000005,-18.0539813760806,7.597170575000291,19.587323560750086,-138.0539813760806,-72.40282942499971,155.8880094251409,1.8299156299464605,40.0
10_LTAN06_800km_HOT_MY_ALL_HEAT_MY_0p5,242.0,16.690824411895576,160.8475168530377,161.71118482447952,-107.60437836461395,-74.34716570377462,130.79068503306922,-90.91355395271837,86.50035114926307,125.48938218534526,1.0,5.800000000000001,16.690824411895576,0.8475168530376891,16.712327915790553,16.690824411895576,160.8475168530377,161.71118482447952,161.71118482447952,57.0,1.0,0.1,0.1308249984951928,-0.37513671382080815,0.3972942666180096,0.1308249984951928,-0.37513671382080815,0.3972942666180096,0.3972942666180096,0.0,1.0,0.1,0.1308249984951928,1.7969327241008557,1.8016887620162894,0.1308249984951928,1.7969327241008557,1.8016887620162894,1.8016887620162894,0.0,1.0,0.1,0.0,0.0,0.0,0.0,0.0,0.0,0.0,0.0,1.0,1.0,-10.913553952718374,6.500351149263068,12.702764460644799,-90.91355395271837,86.50035114926307,125.48938218534526,161.71118482447952,9.0,1.0,4.1000000000000005,12.52644663388125,7.4497670203262345,14.574323103616694,-107.47355336611875,-72.55023297967377,129.66919826444877,1.8016887620162894,40.0
10_LTAN06_800km_HOT_MY_ALL_HEAT_MY_0p5,302.5,16.5185730683758,160.87263165826357,161.7184803072012,-135.40539641877706,-116.59549461134702,178.68724280986265,-118.88682335040126,44.27713704691655,126.86426459575188,1.0,5.800000000000001,16.5185730683758,0.8726316582635718,16.541606397997572,16.5185730683758,160.87263165826357,161.7184803072012,161.7184803072012,57.0,1.0,0.1,-0.041426345024582645,-0.35002190859492543,0.3524648614522164,-0.041426345024582645,-0.35002190859492543,0.3524648614522164,0.3524648614522164,0.0,1.0,0.1,-0.041426345024582645,1.8220016758639304,1.8224725646530504,-0.041426345024582645,1.8220016758639304,1.8224725646530504,1.8224725646530504,0.0,1.0,0.1,0.0,0.0,0.0,0.0,0.0,0.0,0.0,0.0,1.0,4.7,1.113176649598742,4.27713704691655,4.419622559825433,-118.88682335040126,44.27713704691655,126.86426459575188,161.7184803072012,46.0,1.0,2.7,-15.446822763801634,5.226507064516909,16.307075445699805,-135.44682276380163,-114.77349293548309,177.535338672108,1.8224725646530504,26.0
10_LTAN06_800km_HOT_MY_ALL_HEAT_MY_0p5,363.0,16.338570750864992,160.90253404787117,161.7299426736044,-45.56987883138085,-138.65456727489848,145.95102905733856,-29.231308080515856,22.24796677297269,36.73474373980753,1.0,5.800000000000001,16.338570750864992,0.9025340478711712,16.36347951655111,16.338570750864992,160.90253404787117,161.7299426736044,161.7299426736044,57.0,1.0,0.1,-0.2214286625353914,-0.32011951898732605,0.38923920541087487,-0.2214286625353914,-0.32011951898732605,0.38923920541087487,0.38923920541087487,0.0,1.0,0.1,-0.2214286625353914,1.8233619393154754,1.8367578540288059,-0.2214286625353914,1.8233619393154754,1.8367578540288059,1.8367578540288059,0.0,1.0,0.1,0.0,0.0,0.0,0.0,0.0,0.0,0.0,0.0,1.0,0.2,10.768691919484144,-17.75203322702731,20.762933543944236,-29.231308080515856,22.24796677297269,36.73474373980753,161.7299426736044,1.0,1.0,3.1,-5.791307493916236,-16.831205335583007,17.79968301789805,-45.791307493916236,-136.831205335583,144.29006409171376,1.8367578540288059,30.0
10_LTAN06_800km_HOT_MY_ALL_HEAT_MY_0p5,423.5,16.154576553596694,160.93951412504606,161.7482536240559,-27.097258424682785,-18.91307315920008,33.04490506052781,-10.94268187108609,142.02644096584598,142.44736649007143,1.0,5.800000000000001,16.154576553596694,0.9395141250460597,16.181873513817155,16.154576553596694,160.93951412504606,161.7482536240559,161.7482536240559,57.0,1.0,0.1,-0.4054228598036893,-0.28313944181243755,0.49450544866690865,-0.4054228598036893,-0.28313944181243755,0.49450544866690865,0.49450544866690865,0.0,1.0,0.1,-0.4054228598036893,1.8032119107158167,1.8482264174604766,-0.4054228598036893,1.8032119107158167,1.8482264174604766,1.8482264174604766,0.0,1.0,0.1,0.0,0.0,0.0,0.0,0.0,0.0,0.0,0.0,1.0,3.2,-10.94268187108609,22.02644096584598,24.594844747501337,-10.94268187108609,142.02644096584598,142.44736649007143,161.7482536240559,31.0,1.0,0.9,12.497318715513526,-17.109861248484265,21.187976001013126,-27.502681284486474,-17.109861248484265,32.39050524117255,1.8482264174604766,8.0
10_LTAN06_800km_HOT_MY_ALL_HEAT_MY_0p5,484.0,15.96737866304424,160.9831225997641,161.7730600048714,-70.24872507478318,-43.51182115861025,82.63269301657398,-54.28134641173894,117.47130144115386,129.40622562515932,1.0,5.800000000000001,15.96737866304424,0.9831225997641013,15.997615804088039,15.96737866304424,160.9831225997641,161.7730600048714,161.7730600048714,57.0,1.0,0.1,-0.5926207503561436,-0.23953096709439592,0.6391982774928725,-0.5926207503561436,-0.23953096709439592,0.6391982774928725,0.6391982774928725,0.0,1.0,0.1,-0.5926207503561436,1.7896226782246458,1.8851919488923754,-0.5926207503561436,1.7896226782246458,1.8851919488923754,1.8851919488923754,0.0,1.0,0.1,0.0,0.0,0.0,0.0,0.0,0.0,0.0,0.0,1.0,3.0,-14.281346411738937,-2.528698558846145,14.503488260883973,-54.28134641173894,117.47130144115386,129.40622562515932,161.7730600048714,29.0,1.0,2.1,9.158654174860686,-1.7221984803856003,9.319169163639833,-70.84134582513931,-41.7221984803856,82.21458583702574,1.8851919488923754,20.0
10_LTAN06_800km_HOT_MY_ALL_HEAT_MY_0p5,544.5,15.777861096363804,161.03359594169115,161.80469684989987,-22.235268544322437,-184.10425519694178,185.44213099740523,-6.457407447958634,-23.070659255250632,23.957325172498564,1.0,5.800000000000001,15.777861096363804,1.0335959416911464,15.811679902743757,15.777861096363804,161.03359594169115,161.80469684989987,161.80469684989987,57.0,1.0,0.1,-0.7821383170365799,-0.1890576251673508,0.8046633660175739,-0.7821383170365799,-0.1890576251673508,0.8046633660175739,0.8046633660175739,0.0,1.0,0.1,-0.7821383170365799,1.8114049914513828,1.973050529011307,-0.7821383170365799,1.8114049914513828,1.973050529011307,1.973050529011307,0.0,1.0,0.1,0.0,0.0,0.0,0.0,0.0,0.0,0.0,0.0,1.0,0.1,-6.457407447958634,-23.070659255250632,23.957325172498564,-6.457407447958634,-23.070659255250632,23.957325172498564,161.80469684989987,0.0,1.0,9.1,16.982593138640983,17.707149794509604,24.53470243467031,-23.017406861359017,-182.2928502054904,183.74026302001067,1.973050529011307,90.0
10_LTAN06_800km_HOT_MY_ALL_HEAT_MY_0p5,605.0,15.589259487548492,161.0931405824843,161.84568253153427,-50.698805378100275,-46.41577311909122,68.73712869337386,-35.109545890551786,114.67736746339307,119.93155890329636,1.0,5.800000000000001,15.589259487548492,1.0931405824842955,15.627538760252518,15.589259487548492,161.0931405824843,161.84568253153427,161.84568253153427,57.0,1.0,0.1,-0.9707399258518912,-0.12951298437420178,0.9793414199166945,-0.9707399258518912,-0.12951298437420178,0.9793414199166945,0.9793414199166945,0.0,1.0,0.1,-0.9707399258518912,1.8138540347454466,2.057280355956687,-0.9707399258518912,1.8138540347454466,2.057280355956687,2.057280355956687,0.0,1.0,0.1,0.0,0.0,0.0,0.0,0.0,0.0,0.0,0.0,1.0,3.0,4.890454109448214,-5.322632536606932,7.228205760516621,-35.109545890551786,114.67736746339307,119.93155890329636,161.84568253153427,29.0,1.0,0.30000000000000004,-11.66954530395217,-4.601919084345781,12.544159870627368,-51.66954530395217,-44.60191908434578,68.25740324626841,2.057280355956687,2.0
10_LTAN06_800km_HOT_MY_ALL_HEAT_MY_0p5,665.5,15.401669085234811,161.16133633897684,161.8956075413286,-14.68984390766176,-99.2156956488665,100.2972869878342,0.7118251775730506,61.94564069011034,61.949730391597996,1.0,5.800000000000001,15.401669085234811,1.161336338976838,15.445391309491185,15.401669085234811,161.16133633897684,161.8956075413286,161.8956075413286,57.0,1.0,0.1,-1.1583303281655724,-0.061317227881659164,1.159952133315532,-1.1583303281655724,-0.061317227881659164,1.159952133315532,1.159952133315532,0.0,1.0,0.1,-1.1583303281655724,1.824851141626823,2.161437215892444,-1.1583303281655724,1.824851141626823,2.161437215892444,2.161437215892444,0.0,1.0,0.1,0.0,0.0,0.0,0.0,0.0,0.0,0.0,0.0,1.0,0.4,0.7118251775730506,21.945640690110338,21.95718197726779,0.7118251775730506,61.94564069011034,61.949730391597996,161.8956075413286,3.0,1.0,1.5,-15.848174235827333,-17.390844507239677,23.52883548508361,-15.848174235827333,-97.39084450723968,98.67188667722168,2.161437215892444,14.0
10_LTAN06_800km_HOT_MY_ALL_HEAT_MY_0p5,726.0,15.216398451007722,161.2365297440829,161.95294781427833,55.95520673472237,-104.05999318235757,118.15018976640631,71.17160518573009,57.17653656172533,91.29377699442473,1.0,5.800000000000001,15.216398451007722,1.236529744082901,15.266557818572984,15.216398451007722,161.2365297440829,161.95294781427833,161.95294781427833,57.0,1.0,0.1,-1.343600962392662,0.013876177224403818,1.343672614306346,-1.343600962392662,0.013876177224403818,1.343672614306346,1.343672614306346,0.0,1.0,0.1,-1.343600962392662,1.8143723148030801,2.2577002553187557,-1.343600962392662,1.8143723148030801,2.2577002553187557,2.2577002553187557,0.0,1.0,0.1,0.0,0.0,0.0,0.0,0.0,0.0,0.0,0.0,1.0,1.8,-8.828394814269913,-22.823463438274672,24.47143310709221,71.17160518573009,57.17653656172533,91.29377699442473,161.95294781427833,17.0,1.0,3.5,14.611605772329703,17.754379132445507,22.99384703838388,54.6116057723297,-102.24562086755449,115.91632530245276,2.2577002553187557,34.0
10_LTAN06_800km_HOT_MY_ALL_HEAT_MY_0p5,786.5,15.035313119561248,161.3168872582636,162.01604474649594,-1.6076120370957057,-23.09802175984074,23.153898714469044,13.427701082465543,138.21886549842284,138.8695716707989,1.0,5.800000000000001,15.035313119561248,1.3168872582635913,15.092873571796313,15.035313119561248,161.3168872582636,162.01604474649594,162.01604474649594,57.0,1.0,0.1,-1.5246862938391352,0.09423369140509408,1.5275955888967303,-1.5246862938391352,0.09423369140509408,1.5275955888967303,1.5275955888967303,0.0,1.0,0.1,-1.5246862938391352,1.8089332653342467,2.3657784877400796,-1.5246862938391352,1.8089332653342467,2.3657784877400796,2.3657784877400796,0.0,1.0,0.1,0.0,0.0,0.0,0.0,0.0,0.0,0.0,0.0,1.0,3.2,13.427701082465543,18.218865498422844,22.632503538267006,13.427701082465543,138.21886549842284,138.8695716707989,162.01604474649594,31.0,1.0,0.1,-3.132298330934841,-21.2890884945065,21.518284823863315,-3.132298330934841,-21.2890884945065,21.518284823863315,2.3657784877400796,0.0
10_LTAN06_800km_HOT_MY_ALL_HEAT_MY_0p5,847.0,14.858245415941964,161.402785412818,162.08524484312733,-33.05826825055492,-4.797728941503554,33.404600023376844,-18.200022834612952,156.60505647131444,157.65907694631483,1.0,5.800000000000001,14.858245415941964,1.402785412817991,14.92431786564382,14.858245415941964,161.402785412818,162.08524484312733,162.08524484312733,57.0,1.0,0.1,-1.70175399745842,0.18013184595949383,1.7112609823736669,-1.70175399745842,0.18013184595949383,1.7112609823736669,1.7112609823736669,0.0,1.0,0.1,-1.70175399745842,1.8090334528539813,2.483660343406584,-1.70175399745842,1.8090334528539813,2.483660343406584,2.483660343406584,0.0,1.0,0.1,0.0,0.0,0.0,0.0,0.0,0.0,0.0,0.0,1.0,5.6000000000000005,21.799977165387048,-3.394943528685559,22.0627433918441,-18.200022834612952,156.60505647131444,157.65907694631483,162.08524484312733,55.0,1.0,0.9,5.239977751986665,-2.9886954886495687,6.032384898627533,-34.760022248013335,-2.9886954886495687,34.888270914538836,2.483660343406584,8.0
10_LTAN06_800km_HOT_MY_ALL_HEAT_MY_0p5,907.5,14.686419520944431,161.49269262008826,162.15912150733763,36.84425877224379,-128.4638521187633,133.64303463206585,51.530678293188224,33.028840501324964,61.207149175713326,1.0,5.800000000000001,14.686419520944431,1.4926926200882633,14.762081479359326,14.686419520944431,161.49269262008826,162.15912150733763,162.15912150733763,57.0,1.0,0.1,-1.8735798924559521,0.27003905322976607,1.8929402271821703,-1.8735798924559521,0.27003905322976607,1.8929402271821703,1.8929402271821703,0.0,1.0,0.1,-1.8735798924559521,1.7847036116641277,2.5875603557989213,-1.8735798924559521,1.7847036116641277,2.5875603557989213,2.5875603557989213,0.0,1.0,0.1,0.0,0.0,0.0,0.0,0.0,0.0,0.0,0.0,1.0,0.6000000000000001,11.530678293188224,-6.971159498675036,13.474182968067833,51.530678293188224,33.028840501324964,61.207149175713326,162.15912150733763,5.0,1.0,3.5,-5.02932112021216,-6.679148507099171,8.36092672555484,34.97067887978784,-126.67914850709917,131.41748379799745,2.5875603557989213,34.0
10_LTAN06_800km_HOT_MY_ALL_HEAT_MY_0p5,968.0,14.520284348455991,161.58518279293645,162.23627817410846,-14.557117097770027,-44.14130527457613,46.47972127220118,-0.03683274931403524,117.44387751836032,117.44388329410367,1.0,5.800000000000001,14.520284348455991,1.5851827929364504,14.606555447710383,14.520284348455991,161.58518279293645,162.23627817410846,162.23627817410846,57.0,1.0,0.1,-2.0397150649443923,0.3625292260779531,2.071681680645409,-2.0397150649443923,0.3625292260779531,2.071681680645409,2.071681680645409,0.0,1.0,0.1,-2.0397150649443923,1.7912242141470074,2.714575792183315,-2.0397150649443923,1.7912242141470074,2.714575792183315,2.714575792183315,0.0,1.0,0.1,0.0,0.0,0.0,0.0,0.0,0.0,0.0,0.0,1.0,3.2,-0.03683274931403524,-2.556122481639676,2.556387840795251,-0.03683274931403524,117.44387751836032,117.44388329410367,162.23627817410846,31.0,1.0,0.30000000000000004,23.40316783728558,-2.350081060429119,23.5208661790068,-16.59683216271442,-42.35008106042912,45.486088023287174,2.714575792183315,2.0
10_LTAN06_800km_HOT_MY_ALL_HEAT_MY_0p5,1028.5,14.359369323089654,161.68035415654504,162.3167533175264,-85.2858441420904,31.353945793688446,90.8666337434291,-70.92647481900075,193.03429995023347,205.65214753930252,1.0,5.800000000000001,14.359369323089654,1.680354156545036,14.457353749850157,14.359369323089654,161.68035415654504,162.3167533175264,162.3167533175264,57.0,1.0,0.1,-2.20063009031073,0.4577005896865387,2.247723876320314,-2.20063009031073,0.4577005896865387,2.247723876320314,2.247723876320314,0.0,1.0,0.1,-2.20063009031073,1.800596194797663,2.8433992774671717,-2.20063009031073,1.800596194797663,2.8433992774671717,2.8433992774671717,0.0,1.0,0.1,0.0,0.0,0.0,0.0,0.0,0.0,0.0,0.0,1.0,8.8,9.073525180999255,-6.965700049766525,11.438961333685192,-70.92647481900075,193.03429995023347,205.65214753930252,162.3167533175264,87.0,1.0,2.5,-7.486474232401122,-6.845458011513898,10.144337919243709,-87.48647423240112,33.1545419884861,93.55803989012848,2.8433992774671717,24.0
10_LTAN06_800km_HOT_MY_ALL_HEAT_MY_0p5,1089.0,14.204264704233385,161.78052227955712,162.40288952119727,-56.541540241109246,-85.32524235678059,102.35889192483631,-42.337275536875865,76.45527992277653,87.39482094469594,1.0,5.800000000000001,14.204264704233385,1.7805222795571183,14.315425085408034,14.204264704233385,161.78052227955712,162.40288952119727,162.40288952119727,57.0,1.0,0.1,-2.355734709166999,0.557868712698621,2.420888993857864,-2.355734709166999,0.557868712698621,2.420888993857864,2.420888993857864,0.0,1.0,0.1,-2.355734709166999,1.8149747808246275,2.973822367762326,-2.355734709166999,1.8149747808246275,2.973822367762326,2.973822367762326,0.0,1.0,0.1,0.0,0.0,0.0,0.0,0.0,0.0,0.0,0.0,1.0,1.2000000000000002,-2.3372755368758646,-3.5447200772234737,4.245927149769476,-42.337275536875865,76.45527992277653,87.39482094469594,162.40288952119727,11.0,1.0,1.1,21.10272504972375,-3.5102675759559645,21.392685268078107,-58.89727495027625,-83.51026757595596,102.19028225411749,2.973822367762326,10.0
10_LTAN06_800km_HOT_MY_ALL_HEAT_MY_0p5,1149.5,14.05473975190637,161.88600002939089,162.49496212193705,-78.57463318146038,-121.44817933816006,144.65003713844993,-64.51989342955402,40.437820691230826,76.14482247938558,1.0,5.800000000000001,14.05473975190637,1.8860000293908854,14.180715976447717,14.05473975190637,161.88600002939089,162.49496212193705,162.49496212193705,57.0,1.0,0.1,-2.505259661494014,0.6633464625323882,2.5915930430650826,-2.505259661494014,0.6633464625323882,2.5915930430650826,2.5915930430650826,0.0,1.0,0.1,-2.505259661494014,1.8062557824081864,3.088508689156,-2.505259661494014,1.8062557824081864,3.088508689156,3.088508689156,0.0,1.0,0.1,0.0,0.0,0.0,0.0,0.0,0.0,0.0,0.0,1.0,0.2,-24.519893429554017,0.4378206912308258,24.52380192291473,-64.51989342955402,40.437820691230826,76.14482247938558,162.49496212193705,1.0,1.0,2.9000000000000004,-1.0798928429543935,0.3580764442481268,1.137711427467222,-81.0798928429544,-119.64192355575187,144.52729463857455,3.088508689156,28.0
10_LTAN06_800km_HOT_MY_ALL_HEAT_MY_0p5,1210.0,13.910539919158785,161.9963726767576,162.5925209881114,-146.81078623149529,-135.9180808748065,200.06781765841362,-132.9002463123365,26.07829180195111,135.43468083614115,1.0,5.800000000000001,13.910539919158785,1.996372676757602,14.053064601965453,13.910539919158785,161.9963726767576,162.5925209881114,162.5925209881114,57.0,1.0,0.1,-2.649459494241599,0.7737191098991048,2.7601226191330728,-2.649459494241599,0.7737191098991048,2.7601226191330728,2.7601226191330728,0.0,1.0,0.1,-2.649459494241599,1.8306073208560463,3.220366248549798,-2.649459494241599,1.8306073208560463,3.220366248549798,3.220366248549798,0.0,1.0,0.1,0.0,0.0,0.0,0.0,0.0,0.0,0.0,0.0,1.0,4.7,-12.900246312336492,-13.92170819804889,18.97973429926175,-132.9002463123365,26.07829180195111,135.43468083614115,162.5925209881114,46.0,1.0,6.9,10.539754274263117,-14.087473553950446,17.593843562311815,-149.46024572573688,-134.08747355395045,200.79296704934416,3.220366248549798,68.0
10_LTAN06_800km_HOT_MY_ALL_HEAT_MY_0p5,1270.5,13.77083580014244,162.1067453264854,162.6906045196848,-78.3384532679994,-61.4100419540634,99.53947213654668,-64.56761746785696,100.696703372422,119.6194101956244,1.0,5.800000000000001,13.77083580014244,2.1067453264853953,13.931055039197595,13.77083580014244,162.1067453264854,162.6906045196848,162.6906045196848,57.0,1.0,0.1,-2.7891636132579443,0.884091759626898,2.9259275283168407,-2.7891636132579443,0.884091759626898,2.9259275283168407,2.9259275283168407,0.0,1.0,0.1,-2.7891636132579443,1.798451171030223,3.318713647801222,-2.7891636132579443,1.798451171030223,3.318713647801222,3.318713647801222,0.0,1.0,0.1,0.0,0.0,0.0,0.0,0.0,0.0,0.0,0.0,1.0,2.8000000000000003,15.432382532143038,-19.303296627578007,24.71387649298786,-64.56761746785696,100.696703372422,119.6194101956244,162.6906045196848,27.0,1.0,1.1,-1.127616881257353,20.38840921696682,20.41956782670471,-81.12761688125735,-59.61159078303318,100.67388924897995,3.318713647801222,10.0
10_LTAN06_800km_HOT_MY_ALL_HEAT_MY_0p5,1331.0,13.636256210447934,162.2168233009725,162.7889592241928,-9.31834906218304,-30.80156795059794,32.18024576444359,4.317907148264894,131.41525535037457,131.48617288880678,1.0,5.800000000000001,13.636256210447934,2.216823300972493,13.815273757139757,13.636256210447934,162.2168233009725,162.7889592241928,162.7889592241928,57.0,1.0,0.1,-2.9237432029524495,0.9941697341139957,3.088146333488577,-2.9237432029524495,0.9941697341139957,3.088146333488577,3.088146333488577,0.0,1.0,0.1,-2.9237432029524495,1.8222434972373094,3.445119109702059,-2.9237432029524495,1.8222434972373094,3.445119109702059,3.445119109702059,0.0,1.0,0.1,0.0,0.0,0.0,0.0,0.0,0.0,0.0,0.0,1.0,3.2,4.317907148264894,11.415255350374565,12.204604739822269,4.317907148264894,131.41525535037457,131.48617288880678,162.7889592241928,31.0,1.0,0.5,-12.24209226513549,11.020675546639382,16.471918908627053,-12.24209226513549,-28.97932445336062,31.4590220572928,3.445119109702059,4.0
10_LTAN06_800km_HOT_MY_ALL_HEAT_MY_0p5,1391.5,13.5072134893865,162.32594266922425,162.88694385892364,-84.81237180859091,-122.86606306771367,149.29570611895727,-71.30515831920441,39.45987960151058,81.49544589173382,1.0,5.800000000000001,13.5072134893865,2.325942669224247,13.70601421086315,13.5072134893865,162.32594266922425,162.88694385892364,162.88694385892364,57.0,1.0,0.1,-3.052785924013884,1.1032891023657498,3.24603585027281,-3.052785924013884,1.1032891023657498,3.24603585027281,3.24603585027281,0.0,1.0,0.1,-3.052785924013884,1.788881321145226,3.538304435601831,-3.052785924013884,1.788881321145226,3.538304435601831,3.538304435601831,0.0,1.0,0.1,0.0,0.0,0.0,0.0,0.0,0.0,0.0,0.0,1.0,2.5,8.69484168079559,-0.540120398489421,8.711601569112574,-71.30515831920441,39.45987960151058,81.49544589173382,162.88694385892364,24.0,1.0,2.9000000000000004,-7.865157732604786,-1.0771817465684421,7.938578378645203,-87.86515773260479,-121.07718174656844,149.599364581094,3.538304435601831,28.0
10_LTAN06_800km_HOT_MY_ALL_HEAT_MY_0p5,1452.0,13.385160442796842,162.43235902003687,162.98292480162937,21.82384638048163,-141.73671150629212,143.40702792909678,35.20900682327847,20.695647513744746,40.84095967891596,1.0,5.800000000000001,13.385160442796842,2.43235902003687,13.604370271415288,13.385160442796842,162.43235902003687,162.98292480162937,162.98292480162937,57.0,1.0,0.1,-3.174838970603542,1.2097054531783726,3.3974975750855876,-3.174838970603542,1.2097054531783726,3.3974975750855876,3.3974975750855876,0.0,1.0,0.1,-3.174838970603542,1.8089647684672343,3.654032843697313,-3.174838970603542,1.8089647684672343,3.654032843697313,3.654032843697313,0.0,1.0,0.1,0.0,0.0,0.0,0.0,0.0,0.0,0.0,0.0,1.0,0.6000000000000001,-4.790993176721528,-19.304352486255254,19.88998844979508,35.20900682327847,20.695647513744746,40.84095967891596,162.98292480162937,5.0,0.0,nan,nan,nan,nan,18.649007409878088,-139.9277467378249,141.16500906562698,3.654032843697313,nan
10_LTAN06_800km_HOT_MY_ALL_HEAT_MY_0p5,1512.5,13.269176437851376,162.53640886625294,163.07714508929993,118.8672533609381,-56.92594256623232,131.795245963682,132.13642979878946,105.61046630002062,169.15556943854438,1.0,5.800000000000001,13.269176437851376,2.536408866252941,13.509419427778408,13.269176437851376,162.53640886625294,163.07714508929993,163.07714508929993,57.0,1.0,0.1,-3.2908229755490073,1.313755299394444,3.543369701722953,-3.2908229755490073,1.313755299394444,3.543369701722953,3.543369701722953,0.0,1.0,0.1,-3.2908229755490073,1.7705803255488775,3.7369065476168912,-3.2908229755490073,1.7705803255488775,3.7369065476168912,3.7369065476168912,0.0,1.0,0.1,0.0,0.0,0.0,0.0,0.0,0.0,0.0,0.0,1.0,3.8000000000000003,12.136429798789464,-14.389533699979381,18.82422929003435,132.13642979878946,105.61046630002062,169.15556943854438,163.07714508929993,37.0,1.0,4.2,-4.423569614610926,-15.155362240683445,15.787747552505474,115.57643038538907,-55.155362240683445,128.0625833119483,3.7369065476168912,41.0
10_LTAN06_800km_HOT_MY_ALL_HEAT_MY_0p5,1573.0,13.159427938667212,162.6348744134244,163.1663964152647,-27.12135236414046,-132.51349868681385,135.26047127036074,-13.961924425473248,30.12137572661055,33.199888694486155,1.0,5.800000000000001,13.159427938667212,2.6348744134243987,13.420622446350755,13.159427938667212,162.6348744134244,163.1663964152647,163.1663964152647,57.0,1.0,0.1,-3.4005714747331712,1.4122208465659014,3.682153456096615,-3.4005714747331712,1.4122208465659014,3.682153456096615,3.682153456096615,0.0,1.0,0.1,-3.4005714747331712,1.7543528748645087,3.8264396459782692,-3.4005714747331712,1.7543528748645087,3.8264396459782692,3.8264396459782692,0.0,1.0,0.1,0.0,0.0,0.0,0.0,0.0,0.0,0.0,0.0,1.0,0.4,-13.961924425473248,-9.878624273389448,17.103290654064956,-13.961924425473248,30.12137572661055,33.199888694486155,163.1663964152647,3.0,1.0,3.1,9.478076161126367,-10.759145811949338,14.33851966971831,-30.521923838873633,-130.75914581194934,134.2741302272952,3.8264396459782692,30.0
10_LTAN06_800km_HOT_MY_ALL_HEAT_MY_0p5,1633.5,13.056196443240406,162.72496351206652,163.2479035564251,-14.571327300794767,35.67224280225869,38.5335241815511,-1.515130857554361,198.39720631432522,198.40299164791955,1.0,5.800000000000001,13.056196443240406,2.724963512066523,13.337529445387455,13.056196443240406,162.72496351206652,163.2479035564251,163.2479035564251,57.0,1.0,0.1,-3.5038029701599775,1.502309945208026,3.8122920173004613,-3.5038029701599775,1.502309945208026,3.8122920173004613,3.8122920173004613,0.0,1.0,0.1,-3.5038029701599775,1.7583404975354995,3.9202546548630317,-3.5038029701599775,1.7583404975354995,3.9202546548630317,3.9202546548630317,0.0,1.0,0.1,0.0,0.0,0.0,0.0,0.0,0.0,0.0,0.0,1.0,9.200000000000001,-1.515130857554361,-1.6027936856747829,2.2055768212312095,-1.515130857554361,198.39720631432522,198.40299164791955,163.2479035564251,91.0,1.0,0.2,21.924869729045255,-2.5694167002058066,22.07491369892307,-18.075130270954745,37.43058329979419,41.56631930391259,3.9202546548630317,1.0
10_LTAN06_800km_HOT_MY_ALL_HEAT_MY_0p5,1694.0,12.959094747464896,162.80710180472963,163.3220454645648,18.364775028540627,-27.15110310734345,32.77876388448021,31.323869776005523,135.65599869738617,139.22548186423845,1.0,5.800000000000001,12.959094747464896,2.8071018047296263,13.259636390787215,12.959094747464896,162.80710180472963,163.3220454645648,163.3220454645648,57.0,1.0,0.1,-3.600904665935488,1.584448237871129,3.9340806590166517,-3.600904665935488,1.584448237871129,3.9340806590166517,3.9340806590166517,0.0,1.0,0.1,-3.600904665935488,1.7263999132582342,3.9933658827678196,-3.600904665935488,1.7263999132582342,3.9933658827678196,3.9933658827678196,0.0,1.0,0.1,0.0,0.0,0.0,0.0,0.0,0.0,0.0,0.0,1.0,3.4000000000000004,-8.676130223994477,15.655998697386167,17.89931649187387,31.323869776005523,135.65599869738617,139.22548186423845,163.3220454645648,33.0,1.0,0.5,14.76387036260514,14.575296805914775,20.746352572544406,14.76387036260514,-25.424703194085225,29.40046599275491,3.9933658827678196,4.0
10_LTAN06_800km_HOT_MY_ALL_HEAT_MY_0p5,1754.5,12.867725139598877,162.8808945736015,163.38838443220175,56.457870129854,-13.11789824916503,57.9618008180811,69.32559526945288,149.76299632443647,165.03027972931864,1.0,5.800000000000001,12.867725139598877,2.880894573601495,13.186277102066052,12.867725139598877,162.8808945736015,163.38838443220175,163.38838443220175,57.0,1.0,0.1,-3.692274273801507,1.6582410067429976,4.047548955778111,-3.692274273801507,1.6582410067429976,4.047548955778111,4.047548955778111,0.0,1.0,0.1,-3.692274273801507,1.7140677812287493,4.070739204569962,-3.692274273801507,1.7140677812287493,4.070739204569962,4.070739204569962,0.0,1.0,0.1,0.0,0.0,0.0,0.0,0.0,0.0,0.0,0.0,1.0,6.2,-10.674404730547124,-10.237003675563528,14.789833014778361,69.32559526945288,149.76299632443647,165.03027972931864,163.38838443220175,61.0,1.0,0.8,12.765595856052492,-11.403830467936274,17.11747022493383,52.76559585605249,-11.403830467936274,53.98384439242629,4.070739204569962,7.0
10_LTAN06_800km_HOT_MY_ALL_HEAT_MY_0p5,1815.0,12.781845707685994,162.94577429294284,163.44632433805833,-38.02487574687065,-25.20490619871966,45.61993502901126,-25.243030039184653,137.74086809422317,140.03484319593238,1.0,5.800000000000001,12.781845707685994,2.9457742929428434,13.11690382216984,12.781845707685994,162.94577429294284,163.44632433805833,163.44632433805833,57.0,1.0,0.1,-3.7781537057143897,1.7231207260843462,4.152540241907936,-3.7781537057143897,1.7231207260843462,4.152540241907936,4.152540241907936,0.0,1.0,0.1,-3.7781537057143897,1.721423488250167,4.151836250371966,-3.7781537057143897,1.721423488250167,4.151836250371966,4.151836250371966,0.0,1.0,0.1,0.0,0.0,0.0,0.0,0.0,0.0,0.0,0.0,1.0,3.0,14.756969960815347,17.740868094223174,23.076103725738285,-25.243030039184653,137.74086809422317,140.03484319593238,163.44632433805833,29.0,1.0,0.30000000000000004,-1.8030294525850366,16.516517289530498,16.614639887227437,-41.80302945258504,-23.483482710469502,47.947546669528485,4.151836250371966,2.0
10_LTAN06_800km_HOT_MY_ALL_HEAT_MY_0p5,1875.5,12.701221809766244,163.00200471566149,163.49609957667312,-68.25628994950841,-44.965515219549104,81.73627515755086,-55.55506813974217,118.03648949611238,130.4568068311395,1.0,5.800000000000001,12.701221809766244,3.002004715661485,13.051171126521002,12.701221809766244,163.00200471566149,163.49609957667312,163.49609957667312,57.0,1.0,0.1,-3.85877760363414,1.7793511488029878,4.249265242963181,-3.85877760363414,1.7793511488029878,4.249265242963181,4.249265242963181,0.0,1.0,0.1,-3.85877760363414,1.6921954854320518,4.213512804682697,-3.85877760363414,1.6921954854320518,4.213512804682697,4.213512804682697,0.0,1.0,0.1,0.0,0.0,0.0,0.0,0.0,0.0,0.0,0.0,1.0,2.8000000000000003,24.44493186025783,-1.963510503887619,24.52366341213167,-55.55506813974217,118.03648949611238,130.4568068311395,163.49609957667312,27.0,1.0,2.1,7.884932446857448,-3.2733197341170523,8.537375578786815,-72.11506755314255,-43.27331973411705,84.1020996706113,4.213512804682697,20.0
10_LTAN06_800km_HOT_MY_ALL_HEAT_MY_0p5,1936.0,12.625157408958389,163.04872728243657,163.5367911756353,3.7951988026219645,-72.6261913135757,72.72528582733464,16.420356211580355,90.42253596886087,91.90137707975394,1.0,5.800000000000001,12.625157408958389,3.048727282436573,12.9880459517069,12.625157408958389,163.04872728243657,163.5367911756353,163.5367911756353,57.0,1.0,0.1,-3.934842004441995,1.826073715578076,4.337917336078019,-3.934842004441995,1.826073715578076,4.337917336078019,4.337917336078019,0.0,1.0,0.1,-3.934842004441995,1.7096077161271523,4.290191154594699,-3.934842004441995,1.7096077161271523,4.290191154594699,4.290191154594699,0.0,1.0,0.1,0.0,0.0,0.0,0.0,0.0,0.0,0.0,0.0,1.0,1.4000000000000001,16.420356211580355,10.42253596886087,19.448839403352174,16.420356211580355,90.42253596886087,91.90137707975394,163.5367911756353,13.0,1.0,1.5,-0.13964320182002865,9.08341640255145,9.08448973613572,-0.13964320182002865,-70.91658359744855,70.91672108436573,4.290191154594699,14.0
10_LTAN06_800km_HOT_MY_ALL_HEAT_MY_0p5,1996.5,12.553930131938378,163.08688968640445,163.56935761120738,44.97548996858511,-58.06210369675984,73.44387369690949,57.52942010052349,105.02478598964461,119.74907034826269,1.0,5.800000000000001,12.553930131938378,3.0868896864044473,12.927878777804985,12.553930131938378,163.08688968640445,163.56935761120738,163.56935761120738,57.0,1.0,0.1,-4.006069281462006,1.86423611954595,4.418593373155449,-4.006069281462006,1.86423611954595,4.418593373155449,4.418593373155449,0.0,1.0,0.1,-4.006069281462006,1.7191735700427557,4.35937482350475,-4.006069281462006,1.7191735700427557,4.35937482350475,4.35937482350475,0.0,1.0,0.1,0.0,0.0,0.0,0.0,0.0,0.0,0.0,0.0,1.0,3.4000000000000004,17.529420100523488,-14.975214010355387,23.055099299646947,57.52942010052349,105.02478598964461,119.74907034826269,163.56935761120738,33.0,1.0,0.7000000000000001,0.9694206871231046,-16.34293012671708,16.37165665396691,40.969420687123105,-56.34293012671708,69.66361465429851,4.35937482350475,6.0
10_LTAN06_800km_HOT_MY_ALL_HEAT_MY_0p5,2057.0,12.48809183056735,163.11607901565108,163.59342184516103,-55.10852048320799,-59.415989253364124,81.03831691739431,-42.62042865264064,103.70008976228695,112.11694588794863,1.0,5.800000000000001,12.48809183056735,3.1160790156510814,12.870990094024004,12.48809183056735,163.11607901565108,163.59342184516103,163.59342184516103,57.0,1.0,0.1,-4.071907582833033,1.8934254487925841,4.490600326600949,-4.071907582833033,1.8934254487925841,4.490600326600949,4.490600326600949,0.0,1.0,0.1,-4.071907582833033,1.719761746725169,4.420182329795045,-4.071907582833033,1.719761746725169,4.420182329795045,4.420182329795045,0.0,1.0,0.1,0.0,0.0,0.0,0.0,0.0,0.0,0.0,0.0,1.0,1.2000000000000002,-2.6204286526406406,23.70008976228695,23.84451511488625,-42.62042865264064,103.70008976228695,112.11694588794863,163.59342184516103,11.0,0.0,nan,nan,nan,nan,-59.180428066041024,-57.69622750663896,82.65093910281782,4.420182329795045,nan
10_LTAN06_800km_HOT_MY_ALL_HEAT_MY_0p5,2117.5,12.430190668181298,163.13318843699483,163.6060720440027,-79.49081634237353,-95.88722377163033,124.55179470970167,-67.06062567419224,67.2459646653645,94.96919121267477,1.0,5.800000000000001,12.430190668181298,3.1331884369948284,12.818990203173552,12.430190668181298,163.13318843699483,163.6060720440027,163.6060720440027,57.0,1.0,0.1,-4.129808745219085,1.9105348701363312,4.550325676486781,-4.129808745219085,1.9105348701363312,4.550325676486781,4.550325676486781,0.0,1.0,0.1,-4.129808745219085,1.764692416363033,4.491042150376373,-4.129808745219085,1.764692416363033,4.491042150376373,4.491042150376373,0.0,1.0,0.1,0.0,0.0,0.0,0.0,0.0,0.0,0.0,0.0,1.0,1.0,12.939374325807762,-12.754035334635503,18.1684568761495,-67.06062567419224,67.2459646653645,94.96919121267477,163.6060720440027,9.0,1.0,1.1,-3.6206250875926287,-14.122531355267299,14.579259854512955,-83.62062508759263,-94.1225313552673,125.90258078674559,4.491042150376373,10.0
10_LTAN06_800km_HOT_MY_ALL_HEAT_MY_0p5,2178.0,12.379514513352936,163.13849807464564,163.60752407403967,0.48806121460565066,-73.8372676373362,73.83888065170555,12.867575727958586,89.30123043730944,90.22352388779875,1.0,5.800000000000001,12.379514513352936,3.1384980746456392,12.771160861521961,12.379514513352936,163.13849807464564,163.60752407403967,163.60752407403967,57.0,1.0,0.1,-4.180484900047448,1.915844507787142,4.598577408019015,-4.180484900047448,1.915844507787142,4.598577408019015,4.598577408019015,0.0,1.0,0.1,-4.180484900047448,1.7704038228795298,4.539910097743255,-4.180484900047448,1.7704038228795298,4.539910097743255,4.539910097743255,0.0,1.0,0.1,0.0,0.0,0.0,0.0,0.0,0.0,0.0,0.0,1.0,1.4000000000000001,12.867575727958586,9.301230437309442,15.877260241070578,12.867575727958586,89.30123043730944,90.22352388779875,163.60752407403967,13.0,1.0,1.5,-3.6924236854417973,7.933136185543333,8.750350987885492,-3.6924236854417973,-72.06686381445667,72.16139447602336,4.539910097743255,14.0
10_LTAN06_800km_HOT_MY_ALL_HEAT_MY_0p5,2238.5,12.33572138770076,163.1320479470321,163.5977844885063,-63.54332390101458,-1.3192704499948782,63.557017605528664,-51.20760251331382,161.81277749703722,169.72210674059883,1.0,5.800000000000001,12.33572138770076,3.132047947032106,12.727126403767898,12.33572138770076,163.1320479470321,163.5977844885063,163.5977844885063,57.0,1.0,0.1,-4.224278025699624,1.9093943801736089,4.635764417811508,-4.224278025699624,1.9093943801736089,4.635764417811508,4.635764417811508,0.0,1.0,0.1,-4.224278025699624,1.792138962928874,4.588712989592668,-4.224278025699624,1.792138962928874,4.588712989592668,4.588712989592668,0.0,1.0,0.1,0.0,0.0,0.0,0.0,0.0,0.0,0.0,0.0,1.0,5.6000000000000005,-11.207602513313823,1.8127774970372172,11.353260163944226,-51.20760251331382,161.81277749703722,169.72210674059883,163.5977844885063,55.0,1.0,2.3000000000000003,12.232398073285793,0.47286851293398513,12.241534513852843,-67.7676019267142,0.47286851293398513,67.76925169668117,4.588712989592668,22.0
10_LTAN06_800km_HOT_MY_ALL_HEAT_MY_0p5,2299.0,12.299094638095193,163.11401267412737,163.5770425810792,-37.60926596812175,-6.5762329884725155,38.179886419155245,-25.310171330026556,156.53777968565484,158.5707452264443,1.0,5.800000000000001,12.299094638095193,3.114012674127366,12.687190542095905,12.299094638095193,163.11401267412737,163.5770425810792,163.5770425810792,57.0,1.0,0.1,-4.260904775305191,1.891359107268869,4.661818183591834,-4.260904775305191,1.891359107268869,4.661818183591834,4.661818183591834,0.0,1.0,0.1,-4.260904775305191,1.8027048347790924,4.6265596533011975,-4.260904775305191,1.8027048347790924,4.6265596533011975,4.6265596533011975,0.0,1.0,0.1,0.0,0.0,0.0,0.0,0.0,0.0,0.0,0.0,1.0,5.6000000000000005,14.689828669973444,-3.46222031434516,15.092317113625663,-25.310171330026556,156.53777968565484,158.5707452264443,163.5770425810792,55.0,1.0,0.9,-1.8701707434269395,-4.773528153693434,5.126803062696471,-41.87017074342694,-4.773528153693434,42.14140207821554,4.6265596533011975,8.0
10_LTAN06_800km_HOT_MY_ALL_HEAT_MY_0p5,2359.5,12.269271819364876,163.08592020794836,163.54678963847246,10.746322577177864,-68.17434605213009,69.01612064270454,23.01559439654274,94.91157415581827,97.66229822281247,1.0,5.800000000000001,12.269271819364876,3.0859202079483623,12.651400495885234,12.269271819364876,163.08592020794836,163.54678963847246,163.54678963847246,57.0,1.0,0.1,-4.290727594035507,1.863266641089865,4.677831320389401,-4.290727594035507,1.863266641089865,4.677831320389401,4.677831320389401,0.0,1.0,0.1,-4.290727594035507,1.8032135836445775,4.654237049663248,-4.290727594035507,1.8032135836445775,4.654237049663248,4.654237049663248,0.0,1.0,0.1,0.0,0.0,0.0,0.0,0.0,0.0,0.0,0.0,1.0,1.6,-16.98440560345726,14.911574155818272,22.601439722000407,23.01559439654274,94.91157415581827,97.66229822281247,163.54678963847246,15.0,1.0,1.5,6.455594983142355,13.628867531514487,15.080475349866877,6.455594983142355,-66.37113246848551,66.68434547729792,4.654237049663248,14.0
10_LTAN06_800km_HOT_MY_ALL_HEAT_MY_0p5,2420.0,12.246503051578214,163.05071003465568,163.50997180538465,-36.225404726205625,-99.21444660322474,105.62095607577851,-23.97890167462741,63.836263431430936,68.19132096101744,1.0,5.800000000000001,12.246503051578214,3.0507100346556797,12.62076339639815,12.246503051578214,163.05071003465568,163.50997180538465,163.50997180538465,57.0,1.0,0.1,-4.313496361822169,1.8280564677971824,4.684873670965761,-4.313496361822169,1.8280564677971824,4.684873670965761,4.684873670965761,0.0,1.0,0.1,-4.313496361822169,1.7965999736815093,4.672688982682829,-4.313496361822169,1.7965999736815093,4.672688982682829,4.672688982682829,0.0,1.0,0.1,0.0,0.0,0.0,0.0,0.0,0.0,0.0,0.0,1.0,1.2000000000000002,16.02109832537259,-16.163736568569064,22.758338502829098,-23.97890167462741,63.836263431430936,68.19132096101744,163.50997180538465,11.0,1.0,1.3,-0.5389010880277922,-17.417846629543234,17.426181325607974,-40.53890108802779,-97.41784662954323,105.51606201598935,4.672688982682829,12.0
10_LTAN06_800km_HOT_MY_ALL_HEAT_MY_0p5,2480.5,12.231477285091891,163.0094117015616,163.46766450850433,9.715415036057234,-72.15166327498437,72.80282826009973,21.946892321149125,90.85774842657722,93.4708325185098,1.0,5.800000000000001,12.231477285091891,3.0094117015615893,12.596253227258284,12.231477285091891,163.0094117015616,163.46766450850433,163.46766450850433,57.0,1.0,0.1,-4.328522128308492,1.786758134703092,4.6827992106414245,-4.328522128308492,1.786758134703092,4.6827992106414245,4.6827992106414245,0.0,1.0,0.1,-4.328522128308492,1.8120454299846358,4.692505988870391,-4.328522128308492,1.8120454299846358,4.692505988870391,4.692505988870391,0.0,1.0,0.1,0.0,0.0,0.0,0.0,0.0,0.0,0.0,0.0,1.0,1.4000000000000001,21.946892321149125,10.857748426577217,24.485848636527884,21.946892321149125,90.85774842657722,93.4708325185098,163.46766450850433,13.0,1.0,1.5,5.3868929077487415,9.660382155000264,11.060813649103814,5.3868929077487415,-70.33961784499974,70.54559131356231,4.692505988870391,14.0
10_LTAN06_800km_HOT_MY_ALL_HEAT_MY_0p5,2541.0,12.224152890193505,162.9619397176986,163.419777598789,42.27028097572264,-9.30296075373196,43.28188688761173,54.49443386591615,153.65897896396666,163.0359627156397,1.0,5.800000000000001,12.224152890193505,2.9619397176986126,12.577877435167936,12.224152890193505,162.9619397176986,163.419777598789,163.419777598789,57.0,1.0,0.1,-4.335846523206879,1.7392861508401154,4.671689350471562,-4.335846523206879,1.7392861508401154,4.671689350471562,4.671689350471562,0.0,1.0,0.1,-4.335846523206879,1.821766580590122,4.703020151664269,-4.335846523206879,1.821766580590122,4.703020151664269,4.703020151664269,0.0,1.0,0.1,0.0,0.0,0.0,0.0,0.0,0.0,0.0,0.0,1.0,6.0,14.49443386591615,-6.341021036033339,15.820782561960527,54.49443386591615,153.65897896396666,163.0359627156397,163.419777598789,59.0,1.0,0.8,-2.0655655474842334,-7.48119417314183,7.7611099262415495,37.93443445251577,-7.48119417314183,38.6650951568526,4.703020151664269,7.0
10_LTAN06_800km_HOT_MY_ALL_HEAT_MY_0p5,2601.5,12.228041415056484,162.91109168915202,163.36936307704585,-12.70859243072423,32.52886195760426,34.923275645722796,-0.4805510156677464,195.4399536467563,195.44054443928698,1.0,5.800000000000001,12.228041415056484,2.911091689152016,12.569783278600571,12.228041415056484,162.91109168915202,163.36936307704585,163.36936307704585,57.0,1.0,0.1,-4.331957998343899,1.688438122293519,4.649374516236539,-4.331957998343899,1.688438122293519,4.649374516236539,4.649374516236539,0.0,1.0,0.1,-4.331957998343899,1.8281208228071932,4.70190236417101,-4.331957998343899,1.8281208228071932,4.70190236417101,4.70190236417101,0.0,1.0,0.1,0.0,0.0,0.0,0.0,0.0,0.0,0.0,0.0,1.0,9.200000000000001,-0.4805510156677464,-4.560046353243706,4.585297375567971,-0.4805510156677464,195.4399536467563,195.44054443928698,163.36936307704585,91.0,1.0,0.2,22.95944957093187,-5.643017219588529,23.642757198362805,-17.04055042906813,34.35698278041147,38.35078388637062,4.70190236417101,1.0
10_LTAN06_800km_HOT_MY_ALL_HEAT_MY_0p5,2662.0,12.24315671253736,162.85820093642477,163.31775316399822,-111.95479120219696,39.637037082595356,118.76434642524059,-99.7116344896596,202.49523801902012,225.71382649935092,1.0,5.800000000000001,12.24315671253736,2.8582009364247654,12.572358524983608,12.24315671253736,162.85820093642477,163.31775316399822,163.31775316399822,57.0,1.0,0.1,-4.316842700863024,1.6355473695662681,4.61629137967801,-4.316842700863024,1.6355473695662681,4.61629137967801,4.61629137967801,0.0,1.0,0.1,-4.316842700863024,1.8605420579645227,4.700717780663846,-4.316842700863024,1.8605420579645227,4.700717780663846,4.700717780663846,0.0,1.0,0.1,0.0,0.0,0.0,0.0,0.0,0.0,0.0,0.0,1.0,8.6,20.288365510340398,2.495238019020121,20.44123254240637,-99.7116344896596,202.49523801902012,225.71382649935092,163.31775316399822,85.0,1.0,4.7,3.7283660969400216,1.4975791405598784,4.017892113416167,-116.27163390305998,41.49757914055988,123.45501984534383,4.700717780663846,46.0
10_LTAN06_800km_HOT_MY_ALL_HEAT_MY_0p5,2722.5,12.269145483159202,162.80405326004225,163.26570885763365,-67.87377809175364,-67.38373852721904,95.64213491110097,-55.604632608594436,95.42031473282321,110.4396288985426,1.0,5.800000000000001,12.269145483159202,2.8040532600422523,12.585493457631266,12.269145483159202,162.80405326004225,163.26570885763365,163.26570885763365,57.0,1.0,0.1,-4.290853930241182,1.581399693183755,4.572991629149115,-4.290853930241182,1.581399693183755,4.572991629149115,4.572991629149115,0.0,1.0,0.1,-4.290853930241182,1.8921840996880235,4.689540288533448,-4.290853930241182,1.8921840996880235,4.689540288533448,4.689540288533448,0.0,1.0,0.1,0.0,0.0,0.0,0.0,0.0,0.0,0.0,0.0,1.0,1.2000000000000002,-15.604632608594436,15.420314732823215,21.93833779730209,-55.604632608594436,95.42031473282321,110.4396288985426,163.26570885763365,11.0,1.0,1.1,7.835367978005181,14.508445572468986,16.489026177432187,-72.16463202199482,-65.49155442753101,97.45192566698812,4.689540288533448,10.0
10_LTAN06_800km_HOT_MY_ALL_HEAT_MY_0p5,2783.0,12.310855807199124,162.75369089661282,163.2186296694585,-108.52898314616081,-53.40971065060157,120.9592384835513,-96.2181273389617,109.34398024601126,145.65038291970518,1.0,5.800000000000001,12.310855807199124,2.7536908966128237,12.615069728691028,12.310855807199124,162.75369089661282,163.2186296694585,163.2186296694585,57.0,1.0,0.1,-4.24914360620126,1.5310373297543265,4.516558057993089,-4.24914360620126,1.5310373297543265,4.516558057993089,4.516558057993089,0.0,1.0,0.1,-4.24914360620126,1.899539205575735,4.6544033537758995,-4.24914360620126,1.899539205575735,4.6544033537758995,4.6544033537758995,0.0,1.0,0.1,0.0,0.0,0.0,0.0,0.0,0.0,0.0,0.0,1.0,2.8000000000000003,-16.218127338961693,-10.656019753988744,19.405628342833296,-96.2181273389617,109.34398024601126,145.65038291970518,163.2186296694585,27.0,1.0,4.3,7.221873247637916,-11.510171445025833,13.588211799160193,-112.77812675236208,-51.51017144502583,123.98469113591324,4.6544033537758995,42.0
10_LTAN06_800km_HOT_MY_ALL_HEAT_MY_0p5,2843.5,12.367561000642413,162.70632622362254,163.1756880123154,-101.5714847864624,-132.55453419658252,166.99542226599965,-89.20392378582,30.151792027040017,94.16193807068893,1.0,5.800000000000001,12.367561000642413,2.70632622362254,12.660204055751953,12.367561000642413,162.70632622362254,163.1756880123154,163.1756880123154,57.0,1.0,0.1,-4.192438412757971,1.4836726567640426,4.447226596115589,-4.192438412757971,1.4836726567640426,4.447226596115589,4.447226596115589,0.0,1.0,0.1,-4.192438412757971,1.8532240317155697,4.58377346260662,-4.192438412757971,1.8532240317155697,4.58377346260662,4.58377346260662,0.0,1.0,0.1,0.0,0.0,0.0,0.0,0.0,0.0,0.0,0.0,1.0,2.5,-9.203923785819995,-9.848207972959983,13.479592476549714,-89.20392378582,30.151792027040017,94.16193807068893,163.1756880123154,24.0,1.0,2.7,14.236076800779614,-10.701310164866953,17.809658107958736,-105.76392319922039,-130.70131016486695,168.1333992081982,4.58377346260662,26.0
10_LTAN06_800km_HOT_MY_ALL_HEAT_MY_0p5,2904.0,12.439548420460389,162.66148266909084,163.13644690568665,-4.0157561330341025,-78.8341074589081,78.93632114662216,8.423792287426286,83.82737521018275,84.24956445662175,1.0,5.800000000000001,12.439548420460389,2.6614826690908444,12.721079156378575,12.439548420460389,162.66148266909084,163.13644690568665,163.13644690568665,57.0,1.0,0.1,-4.120450992939995,1.4388291022323472,4.3644410375958715,-4.120450992939995,1.4388291022323472,4.3644410375958715,4.3644410375958715,0.0,1.0,0.1,-4.120450992939995,1.8364427602431874,4.511168185389435,-4.120450992939995,1.8364427602431874,4.511168185389435,4.511168185389435,0.0,1.0,0.1,0.0,0.0,0.0,0.0,0.0,0.0,0.0,0.0,1.0,1.4000000000000001,8.423792287426286,3.827375210182751,9.252517360222786,8.423792287426286,83.82737521018275,84.24956445662175,163.13644690568665,13.0,1.0,1.5,-8.136207125974098,3.002335301335094,8.67247851876236,-8.136207125974098,-76.9976646986649,77.42634070808705,4.511168185389435,14.0
10_LTAN06_800km_HOT_MY_ALL_HEAT_MY_0p5,2964.5,12.529032931888002,162.6197477649367,163.10168309781469,-101.46124993879263,-41.75828510141075,109.71845612180682,-88.93221700690464,120.86146266352596,150.0547645992291,1.0,5.800000000000001,12.529032931888002,2.6197477649367045,12.799990021879898,12.529032931888002,162.6197477649367,163.10168309781469,163.10168309781469,57.0,1.0,0.1,-4.030966481512381,1.3970941980782072,4.266211782527925,-4.030966481512381,1.3970941980782072,4.266211782527925,4.266211782527925,0.0,1.0,0.1,-4.030966481512381,1.8513526301796048,4.435785988564963,-4.030966481512381,1.8513526301796048,4.435785988564963,4.435785988564963,0.0,1.0,0.1,0.0,0.0,0.0,0.0,0.0,0.0,0.0,0.0,1.0,2.8000000000000003,-8.932217006904636,0.8614626635259555,8.973662495273915,-88.93221700690464,120.86146266352596,150.0547645992291,163.10168309781469,27.0,1.0,4.3,14.507783579694973,0.09306752876885582,14.508082091033888,-105.49221642030503,-39.906932471231144,112.78816863719295,4.435785988564963,42.0
10_LTAN06_800km_HOT_MY_ALL_HEAT_MY_0p5,3025.0,12.635722123263132,162.58095052688677,163.07123274140758,-5.511154716447997,-14.703886195946456,15.702773499352645,7.124567406815135,147.8770643309403,148.04859207662633,1.0,5.800000000000001,12.635722123263132,2.5809505268867667,12.89661890568836,12.635722123263132,162.58095052688677,163.07123274140758,163.07123274140758,57.0,1.0,0.1,-3.924277290137251,1.3582969600282695,4.152700673237719,-3.924277290137251,1.3582969600282695,4.152700673237719,4.152700673237719,0.0,1.0,0.1,-3.924277290137251,1.8697576363390453,4.346946729433792,-3.924277290137251,1.8697576363390453,4.346946729433792,4.346946729433792,0.0,1.0,0.1,0.0,0.0,0.0,0.0,0.0,0.0,0.0,0.0,1.0,5.800000000000001,7.124567406815135,-12.1229356690597,14.061473250353695,7.124567406815135,147.8770643309403,148.04859207662633,163.07123274140758,57.0,1.0,0.1,-9.435432006585248,-12.834128559607421,15.92928852885226,-9.435432006585248,-12.834128559607421,15.92928852885226,4.346946729433792,0.0
10_LTAN06_800km_HOT_MY_ALL_HEAT_MY_0p5,3085.5,12.762573448522224,162.54230426248017,163.04258325966748,-74.45623103822608,-106.28414633900762,129.76921862841468,-61.693657589703854,56.25815792347255,83.4930399478783,1.0,5.800000000000001,12.762573448522224,2.5423042624801724,13.013323633566841,12.762573448522224,162.54230426248017,163.04258325966748,163.04258325966748,57.0,1.0,0.1,-3.79742596487816,1.3196506956216751,4.020189288725793,-3.79742596487816,1.3196506956216751,4.020189288725793,4.020189288725793,0.0,1.0,0.1,-3.79742596487816,1.8602846112788995,4.228605301241996,-3.79742596487816,1.8602846112788995,4.228605301241996,4.228605301241996,0.0,1.0,0.1,0.0,0.0,0.0,0.0,0.0,0.0,0.0,0.0,1.0,2.5,18.306342410296146,16.258157923472552,24.483665401805766,-61.693657589703854,56.25815792347255,83.4930399478783,163.04258325966748,24.0,1.0,1.1,1.7463429968957627,-24.42386172772872,24.486215215055566,-78.25365700310424,-104.42386172772872,130.4912937037996,4.228605301241996,10.0
10_LTAN06_800km_HOT_MY_ALL_HEAT_MY_0p5,3146.0,12.912263774098742,162.50199543926712,163.0141867369693,-115.91843868123036,-100.38496246828508,153.3434873610652,-103.00617490713161,62.11703297098204,120.28631615490043,1.0,5.800000000000001,12.912263774098742,2.5019954392671195,13.152434639640532,12.912263774098742,162.50199543926712,163.0141867369693,163.0141867369693,57.0,1.0,0.1,-3.647735639301642,1.2793418724086223,3.8655776956011834,-3.647735639301642,1.2793418724086223,3.8655776956011834,3.8655776956011834,0.0,1.0,0.1,-3.647735639301642,1.8765874807762373,4.10214040072222,-3.647735639301642,1.8765874807762373,4.10214040072222,4.10214040072222,0.0,1.0,0.1,0.0,0.0,0.0,0.0,0.0,0.0,0.0,0.0,1.0,4.9,16.99382509286839,-17.882967029017962,24.669629122626606,-103.00617490713161,62.11703297098204,120.28631615490043,163.0141867369693,48.0,1.0,2.7,0.43382567946801487,21.491625012491156,21.49600312610931,-119.56617432053199,-98.50837498750884,154.91923697309997,4.10214040072222,26.0
10_LTAN06_800km_HOT_MY_ALL_HEAT_MY_0p5,3206.5,13.083515947376773,162.46058248672136,162.9865615671122,-47.46844443695271,-12.58575430292419,49.108598316767726,-34.384928489575934,149.87482818379718,153.76861653262014,1.0,5.800000000000001,13.083515947376773,2.460582486721364,13.312883073144683,13.083515947376773,162.46058248672136,162.9865615671122,162.9865615671122,57.0,1.0,0.1,-3.476483466023611,1.237928919862867,3.690312358075991,-3.476483466023611,1.237928919862867,3.690312358075991,3.690312358075991,0.0,1.0,0.1,-3.476483466023611,1.8923767615048632,3.9581595593178367,-3.476483466023611,1.8923767615048632,3.9581595593178367,3.9581595593178367,0.0,1.0,0.1,0.0,0.0,0.0,0.0,0.0,0.0,0.0,0.0,1.0,5.6000000000000005,5.615071510424066,-10.125171816202823,11.577915718073092,-34.384928489575934,149.87482818379718,153.76861653262014,162.9865615671122,55.0,1.0,0.9,-10.944927902976318,-10.693377541419324,15.301626385606228,-50.94492790297632,-10.693377541419324,52.05510543916693,3.9581595593178367,8.0
10_LTAN06_800km_HOT_MY_ALL_HEAT_MY_0p5,3267.0,13.278234870338707,162.4141418473068,162.95602165390812,-67.85324658527864,-69.71786907147388,97.28640367507579,-54.57501171493993,92.69627277583292,107.56872635769867,1.0,5.800000000000001,13.278234870338707,2.4141418473068086,13.49591057064312,13.278234870338707,162.4141418473068,162.95602165390812,162.95602165390812,57.0,1.0,0.1,-3.2817645430616764,1.1914882804483113,3.4913640369549674,-3.2817645430616764,1.1914882804483113,3.4913640369549674,3.4913640369549674,0.0,1.0,0.1,-3.2817645430616764,1.84714635532211,3.7658900905465322,-3.2817645430616764,1.84714635532211,3.7658900905465322,3.7658900905465322,0.0,1.0,0.1,0.0,0.0,0.0,0.0,0.0,0.0,0.0,0.0,1.0,1.2000000000000002,-14.575011714939933,12.696272775832924,19.329415637545605,-54.57501171493993,92.69627277583292,107.56872635769867,162.95602165390812,11.0,1.0,1.1,8.864988871659676,12.129277283848225,15.02356133289063,-71.13501112834032,-67.87072271615177,98.31899516493169,3.7658900905465322,10.0
10_LTAN06_800km_HOT_MY_ALL_HEAT_MY_0p5,3327.5,13.496644176283034,162.3604816379601,162.920487974139,-136.87211299814007,40.62783286739642,142.7746340218623,-123.37546882185703,202.98831450535653,237.54107462234515,1.0,5.800000000000001,13.496644176283034,2.360481637960106,13.701506398361516,13.496644176283034,162.3604816379601,162.920487974139,162.920487974139,57.0,1.0,0.1,-3.0633552371173494,1.1378280711016089,3.267843023794304,-3.0633552371173494,1.1378280711016089,3.267843023794304,3.267843023794304,0.0,1.0,0.1,-3.0633552371173494,1.8494499779919238,3.5783530471249785,-3.0633552371173494,1.8494499779919238,3.5783530471249785,3.5783530471249785,0.0,1.0,0.1,0.0,0.0,0.0,0.0,0.0,0.0,0.0,0.0,1.0,8.6,-3.3754688218570266,2.988314505356527,4.508194023137546,-123.37546882185703,202.98831450535653,237.54107462234515,162.920487974139,85.0,1.0,4.7,-19.935468235257417,2.477282845388345,20.088798472158878,-139.93546823525742,42.477282845388345,146.24040080684907,3.5783530471249785,46.0
10_LTAN06_800km_HOT_MY_ALL_HEAT_MY_0p5,3388.0,13.738093224062723,162.29991108802082,162.8803129436228,-18.34214592659327,73.59248470598652,75.84384037213108,-4.604052702530545,235.89239579400734,235.93732153842106,1.0,5.800000000000001,13.738093224062723,2.2999110880208207,13.929278389271973,13.738093224062723,162.29991108802082,162.8803129436228,162.8803129436228,57.0,1.0,0.1,-2.8219061893376605,1.0772575211623234,3.0205360961794496,-2.8219061893376605,1.0772575211623234,3.0205360961794496,3.0205360961794496,0.0,1.0,0.1,-2.8219061893376605,1.846072615632096,3.372111896661931,-2.8219061893376605,1.846072615632096,3.372111896661931,3.372111896661931,0.0,1.0,0.1,0.0,0.0,0.0,0.0,0.0,0.0,0.0,0.0,1.0,13.4,-4.604052702530545,-4.107604205992658,6.170065931638606,-4.604052702530545,235.89239579400734,235.93732153842106,162.8803129436228,133.0,1.0,1.2000000000000002,18.83594788406907,-4.561442678381383,19.380394526415742,-21.16405211593093,75.43855732161862,78.35108826770039,3.372111896661931,11.0
10_LTAN06_800km_HOT_MY_ALL_HEAT_MY_0p5,3448.5,14.001687007161353,162.2302128453833,162.83331722625098,-73.00149373075789,-55.46098900799408,91.67954727564225,-58.999806723596535,106.76922383738923,121.98624657009606,1.0,5.800000000000001,14.001687007161353,2.2302128453833063,14.178190589148665,14.001687007161353,162.2302128453833,162.83331722625098,162.83331722625098,57.0,1.0,0.1,-2.558312406239031,1.007559278524809,2.7495705242197324,-2.558312406239031,1.007559278524809,2.7495705242197324,2.7495705242197324,0.0,1.0,0.1,-2.558312406239031,1.8615348692898124,3.1639017743125937,-2.558312406239031,1.8615348692898124,3.1639017743125937,3.1639017743125937,0.0,1.0,0.1,0.0,0.0,0.0,0.0,0.0,0.0,0.0,0.0,1.0,2.8000000000000003,21.000193276403465,-13.230776162610766,24.820587332120297,-58.999806723596535,106.76922383738923,121.98624657009606,162.83331722625098,27.0,1.0,2.1,4.440193863003088,-13.59945413870426,14.305959402003444,-75.55980613699691,-53.59945413870426,92.64008736733584,3.1639017743125937,20.0
10_LTAN06_800km_HOT_MY_ALL_HEAT_MY_0p5,3509.0,14.286657808285693,162.1518325615973,162.77999076795444,-14.97904577078484,-123.6767446613394,124.58053211569379,-0.6923879624991471,38.475087900257904,38.48131741537945,1.0,5.800000000000001,14.286657808285693,2.1518325615973026,14.447801725667505,14.286657808285693,162.1518325615973,162.77999076795444,162.77999076795444,57.0,1.0,0.1,-2.273341605114691,0.9291789947388054,2.455902208519154,-2.273341605114691,0.9291789947388054,2.455902208519154,2.455902208519154,0.0,1.0,0.1,-2.273341605114691,1.8689582306388672,2.942972463584769,-2.273341605114691,1.8689582306388672,2.942972463584769,2.942972463584769,0.0,1.0,0.1,0.0,0.0,0.0,0.0,0.0,0.0,0.0,0.0,1.0,0.4,-0.6923879624991471,-1.524912099742096,1.6747411747949497,-0.6923879624991471,38.475087900257904,38.48131741537945,162.77999076795444,3.0,1.0,3.1,22.74761262410047,-1.8077864307005314,22.819333291644607,-17.25238737589953,-121.80778643070053,123.0235006220976,2.942972463584769,30.0
10_LTAN06_800km_HOT_MY_ALL_HEAT_MY_0p5,3569.5,14.591837372774666,162.0648593679242,162.72043620842024,-30.193775665978468,5.016337273080566,30.607641670091652,-15.601938293203801,167.0811966410048,167.8080652099149,1.0,5.800000000000001,14.591837372774666,2.064859367924214,14.737210120060304,14.591837372774666,162.0648593679242,162.72043620842024,162.72043620842024,57.0,1.0,0.1,-1.9681620406257174,0.8422058010657167,2.14078780581092,-1.9681620406257174,0.8422058010657167,2.14078780581092,2.14078780581092,0.0,1.0,0.1,-1.9681620406257174,1.8957095876926928,2.7326501164675268,-1.9681620406257174,1.8957095876926928,2.7326501164675268,2.7326501164675268,0.0,1.0,0.1,0.0,0.0,0.0,0.0,0.0,0.0,0.0,0.0,1.0,5.800000000000001,-15.601938293203801,7.081196641004794,17.133704338919728,-15.601938293203801,167.0811966410048,167.8080652099149,162.72043620842024,57.0,1.0,0.9,7.838062293395815,6.912046860773273,10.450435987109769,-32.161937706604185,6.912046860773273,32.8963011423627,2.7326501164675268,8.0
10_LTAN06_800km_HOT_MY_ALL_HEAT_MY_0p5,3630.0,14.9163181414725,161.96760160395436,162.6530064777006,-41.72868938685444,-101.95724882880721,110.16607511699729,-26.81237124538194,60.010352775147155,65.72781520785395,1.0,5.800000000000001,14.9163181414725,1.967601603954364,15.045530996595149,14.9163181414725,161.96760160395436,162.6530064777006,162.6530064777006,57.0,1.0,0.1,-1.6436812719278837,0.7449480370958668,1.804615111778534,-1.6436812719278837,0.7449480370958668,1.804615111778534,1.804615111778534,0.0,1.0,0.1,-1.6436812719278837,1.9128562371626003,2.5220442319155167,-1.6436812719278837,1.9128562371626003,2.5220442319155167,2.5220442319155167,0.0,1.0,0.1,0.0,0.0,0.0,0.0,0.0,0.0,0.0,0.0,1.0,0.2,13.18762875461806,20.010352775147155,23.965136560334233,-26.81237124538194,60.010352775147155,65.72781520785395,162.6530064777006,1.0,1.0,1.3,-3.372370658782323,-20.04439259164461,20.32610533841132,-43.37237065878232,-100.04439259164461,109.0414738784923,2.5220442319155167,12.0
10_LTAN06_800km_HOT_MY_ALL_HEAT_MY_0p5,3690.5,15.25909511367048,161.86030483408368,162.57797595206594,-1.403660267471185,-50.9015219805555,50.92087196900159,13.855434846199294,110.95878285352818,111.82050155098435,1.0,5.800000000000001,15.25909511367048,1.8603048340836779,15.372075909380536,15.25909511367048,161.86030483408368,162.57797595206594,162.57797595206594,57.0,1.0,0.1,-1.300904299729904,0.6376512672251806,1.4487757368377034,-1.300904299729904,0.6376512672251806,1.4487757368377034,1.4487757368377034,0.0,1.0,0.1,-1.300904299729904,1.947856999434407,2.3423276643760507,-1.300904299729904,1.947856999434407,2.3423276643760507,2.3423276643760507,0.0,1.0,0.1,0.0,0.0,0.0,0.0,0.0,0.0,0.0,0.0,1.0,3.2,13.855434846199294,-9.041217146471823,16.544385218766205,13.855434846199294,110.95878285352818,111.82050155098435,162.57797595206594,31.0,1.0,0.5,-2.704564567201089,-8.953664981121094,9.353223299607137,-2.704564567201089,-48.95366498112109,49.028318190429516,2.3423276643760507,4.0
10_LTAN06_800km_HOT_MY_ALL_HEAT_MY_0p5,3751.0,15.61842294918611,161.74451156334823,162.49683737318014,-48.15085884432749,-8.25000776031128,48.85251104591807,-32.532435895141376,153.49450380303693,156.90418121583633,1.0,5.800000000000001,15.61842294918611,1.744511563348226,15.715548225064216,15.61842294918611,161.74451156334823,162.49683737318014,162.49683737318014,57.0,1.0,0.1,-0.9415764642142737,0.5218579964897287,1.0765231100457282,-0.9415764642142737,0.5218579964897287,1.0765231100457282,1.0765231100457282,0.0,1.0,0.1,-0.9415764642142737,1.9471676770154716,2.1628749849161606,-0.9415764642142737,1.9471676770154716,2.1628749849161606,2.1628749849161606,0.0,1.0,0.1,0.0,0.0,0.0,0.0,0.0,0.0,0.0,0.0,1.0,5.6000000000000005,7.467564104858624,-6.505496196963065,9.903837358765232,-32.532435895141376,153.49450380303693,156.90418121583633,162.49683737318014,55.0,1.0,0.9,-9.09243530854176,-6.30284008329582,11.063370777282,-49.09243530854176,-6.30284008329582,49.49538359927073,2.1628749849161606,8.0
10_LTAN06_800km_HOT_MY_ALL_HEAT_MY_0p5,3811.5,15.991661358313715,161.62207716391825,162.4112959734591,-44.87376998861544,-2.9283503840131155,44.969216904041296,-28.88210863030173,158.69372677990512,161.30057383105532,1.0,5.800000000000001,15.991661358313715,1.6220771639182487,16.07371666182682,15.991661358313715,161.62207716391825,162.4112959734591,162.4112959734591,57.0,1.0,0.1,-0.5683380550866683,0.3994235970597515,0.6946562853295488,-0.5683380550866683,0.3994235970597515,0.6946562853295488,0.6946562853295488,0.0,1.0,0.1,-0.5683380550866683,1.9391381377658377,2.0207089998804024,-0.5683380550866683,1.9391381377658377,2.0207089998804024,2.0207089998804024,0.0,1.0,0.1,0.0,0.0,0.0,0.0,0.0,0.0,0.0,0.0,1.0,5.6000000000000005,11.11789136969827,-1.3062732200948801,11.194367254737909,-28.88210863030173,158.69372677990512,161.30057383105532,162.4112959734591,55.0,1.0,0.9,-5.442108043702113,-0.9892122462472912,5.5312820238578375,-45.44210804370211,-0.9892122462472912,45.45287366408885,2.0207089998804024,8.0
10_LTAN06_800km_HOT_MY_ALL_HEAT_MY_0p5,3872.0,16.377954849126247,161.49280518512526,162.3211740088176,-7.761684003686909,-23.89747072118975,25.126337684652945,8.616270845439338,137.5953344639355,137.8648475483299,1.0,5.800000000000001,16.377954849126247,1.4928051851252633,16.445846659894247,16.377954849126247,161.49280518512526,162.3211740088176,162.3211740088176,57.0,1.0,0.1,-0.18204456427413618,0.27015161826676604,0.32576390259498145,-0.18204456427413618,0.27015161826676604,0.32576390259498145,0.32576390259498145,0.0,1.0,0.1,-0.18204456427413618,1.9521306261335098,1.9606004704860625,-0.18204456427413618,1.9521306261335098,1.9606004704860625,1.9606004704860625,0.0,1.0,0.1,0.0,0.0,0.0,0.0,0.0,0.0,0.0,0.0,1.0,3.2,8.616270845439338,17.5953344639355,19.59173086227259,8.616270845439338,137.5953344639355,137.8648475483299,162.3211740088176,31.0,1.0,0.1,-7.943728567961045,-21.945340095056252,23.338825494208656,-7.943728567961045,-21.945340095056252,23.338825494208656,1.9606004704860625,0.0
10_LTAN06_800km_HOT_MY_ALL_HEAT_MY_0p5,3932.5,16.77268491060836,161.3561299203154,162.22553319983956,-103.62119725015562,-95.39893166736236,140.84853099279997,-86.84851233954726,65.95719825295303,109.055105781306,1.0,5.800000000000001,16.77268491060836,1.3561299203153965,16.82741951314354,16.77268491060836,161.3561299203154,162.22553319983956,162.22553319983956,57.0,1.0,0.1,0.2126854972079748,0.13347635345689923,0.25109969664409104,0.2126854972079748,0.13347635345689923,0.25109969664409104,0.25109969664409104,0.0,1.0,0.1,0.2126854972079748,1.9584608312652563,1.9699756212508828,0.2126854972079748,1.9584608312652563,1.9699756212508828,1.9699756212508828,0.0,1.0,0.1,0.0,0.0,0.0,0.0,0.0,0.0,0.0,0.0,1.0,1.0,-6.848512339547256,-14.042801747046965,15.623776821620192,-86.84851233954726,65.95719825295303,109.055105781306,162.22553319983956,9.0,1.0,4.1000000000000005,16.591488247052354,-13.440470836097106,21.352370794552375,-103.40851175294765,-93.4404708360971,139.3715964356835,1.9699756212508828,40.0
10_LTAN06_800km_HOT_MY_ALL_HEAT_MY_0p5,3993.0,17.173297563178554,161.21212412999844,162.12424592176058,-13.296279331579377,-80.47063087238388,81.56171575600189,3.877018231599177,80.74149325761456,80.83452235176237,1.0,5.800000000000001,17.173297563178554,1.2121241299984433,17.216021436441086,17.173297563178554,161.21212412999844,162.12424592176058,162.12424592176058,57.0,1.0,0.1,0.6132981497781707,-0.01052943686005392,0.6133885306735996,0.6132981497781707,-0.01052943686005392,0.6133885306735996,0.6133885306735996,0.0,1.0,0.1,0.6132981497781707,1.9295837044303994,2.02470439643042,0.6132981497781707,1.9295837044303994,2.02470439643042,2.02470439643042,0.0,1.0,0.1,0.0,0.0,0.0,0.0,0.0,0.0,0.0,0.0,1.0,1.4000000000000001,3.877018231599177,0.7414932576145645,3.9472880081443598,3.877018231599177,80.74149325761456,80.83452235176237,162.12424592176058,13.0,1.0,1.5,-12.682981181801207,1.4589528320465206,12.766618778050049,-12.682981181801207,-78.54104716795348,79.55849484433838,2.02470439643042,14.0
10_LTAN06_800km_HOT_MY_ALL_HEAT_MY_0p5,4053.5,17.57986590910416,161.0610388346881,162.01762223872745,43.529611684653126,-5.020012708454427,43.81811977949001,61.10947759375729,156.04102612623367,167.5803391997697,1.0,5.800000000000001,17.57986590910416,1.0610388346881052,17.611856483369348,17.57986590910416,161.0610388346881,162.01762223872745,162.01762223872745,57.0,1.0,0.1,1.019866495703777,-0.16161473217039202,1.0325923642530046,1.019866495703777,-0.16161473217039202,1.0325923642530046,1.0325923642530046,0.0,1.0,0.1,1.019866495703777,1.8929027694528884,2.1501647759326534,1.019866495703777,1.8929027694528884,2.1501647759326534,2.1501647759326534,0.0,1.0,0.1,0.0,0.0,0.0,0.0,0.0,0.0,0.0,0.0,1.0,6.0,21.10947759375729,-3.9589738737663254,21.477511923276992,61.10947759375729,156.04102612623367,167.5803391997697,162.01762223872745,59.0,1.0,0.8,4.549478180356907,-3.127109939001542,5.520558693116651,44.54947818035691,-3.127109939001542,44.65909563249908,2.1501647759326534,7.0
10_LTAN06_800km_HOT_MY_ALL_HEAT_MY_0p5,4114.0,17.987826039717977,160.90314869694706,161.90548213765652,-77.21457347630535,-71.36275049037665,105.14148807525747,-59.226747436587374,89.5403982065704,107.35590585947521,1.0,5.800000000000001,17.987826039717977,0.9031486969470564,18.010484813129082,17.987826039717977,160.90314869694706,161.90548213765652,161.90548213765652,57.0,1.0,0.1,1.427826626317593,-0.3195048699114409,1.4631378051019686,1.427826626317593,-0.3195048699114409,1.4631378051019686,1.4631378051019686,0.0,1.0,0.1,1.427826626317593,1.8772298631884041,2.3585336194482864,1.427826626317593,1.8772298631884041,2.3585336194482864,2.3585336194482864,0.0,1.0,0.1,0.0,0.0,0.0,0.0,0.0,0.0,0.0,0.0,1.0,1.0,20.773252563412626,9.540398206570401,22.859291765128265,-59.226747436587374,89.5403982065704,107.35590585947521,161.90548213765652,9.0,1.0,1.1,4.213253150012235,10.51447937281175,11.327214069989662,-75.78674684998776,-69.48552062718825,102.81959236903994,2.3585336194482864,10.0
10_LTAN06_800km_HOT_MY_ALL_HEAT_MY_0p5,4174.5,18.395923087169148,160.7385610361985,161.78780853394593,15.111433187751274,-76.68955626443537,78.16420826071143,33.507356274920426,84.04900477176312,90.48192155153598,1.0,5.800000000000001,18.395923087169148,0.7385610361984902,18.410743022301777,18.395923087169148,160.7385610361985,161.78780853394593,161.78780853394593,57.0,1.0,0.1,1.8359236737687645,-0.484092530660007,1.8986735670318389,1.8359236737687645,-0.484092530660007,1.8986735670318389,1.8986735670318389,0.0,1.0,0.1,1.8359236737687645,1.8834688152362276,2.63022252174069,1.8359236737687645,1.8834688152362276,2.63022252174069,2.63022252174069,0.0,1.0,0.1,0.0,0.0,0.0,0.0,0.0,0.0,0.0,0.0,1.0,1.6,-6.492643725079574,4.049004771763123,7.651722824473956,33.507356274920426,84.04900477176312,90.48192155153598,161.78780853394593,15.0,1.0,1.5,16.947356861520042,5.19391255080086,17.725395120478336,16.947356861520042,-74.80608744919914,76.70178370839194,2.63022252174069,14.0
10_LTAN06_800km_HOT_MY_ALL_HEAT_MY_0p5,4235.0,18.803589966445728,160.56804710547334,161.6653108953548,-36.483982217202595,-20.525217911879675,41.861265255069654,-17.680392250756867,140.04282919359366,141.15449082011762,1.0,5.800000000000001,18.803589966445728,0.5680471054733403,18.812168220071154,18.803589966445728,160.56804710547334,161.6653108953548,161.6653108953548,57.0,1.0,0.1,2.243590553045344,-0.654606461385157,2.3371367501713523,2.243590553045344,-0.654606461385157,2.3371367501713523,2.3371367501713523,0.0,1.0,0.1,2.243590553045344,1.8845621747807968,2.930063678545031,2.243590553045344,1.8845621747807968,2.930063678545031,2.930063678545031,0.0,1.0,0.1,0.0,0.0,0.0,0.0,0.0,0.0,0.0,0.0,0.0,nan,nan,nan,nan,-17.680392250756867,140.04282919359366,141.15449082011762,161.6653108953548,nan,1.0,0.30000000000000004,5.759608335842749,21.359344262901118,22.122266509637665,-34.24039166415725,-18.640655737098882,38.98561872824294,2.930063678545031,2.0
10_LTAN06_800km_HOT_MY_ALL_HEAT_MY_0p5,4295.5,19.202598446910187,160.3972221296813,161.5425908360752,25.245770086763258,11.367057238311109,27.686800059464286,44.448368533673445,171.7642793679924,177.4221664057538,1.0,5.800000000000001,19.202598446910187,0.3972221296812961,19.206706446800972,19.202598446910187,160.3972221296813,161.5425908360752,161.5425908360752,57.0,1.0,0.1,2.6425990335098035,-0.8254314371772011,2.768513447572066,2.6425990335098035,-0.8254314371772011,2.768513447572066,2.768513447572066,0.0,1.0,0.1,2.6425990335098035,1.8853169304233006,3.246190009849652,2.6425990335098035,1.8853169304233006,3.246190009849652,3.246190009849652,0.0,1.0,0.1,0.0,0.0,0.0,0.0,0.0,0.0,0.0,0.0,1.0,6.0,4.448368533673445,11.764279367992401,12.57721160112796,44.448368533673445,171.7642793679924,177.4221664057538,161.5425908360752,59.0,1.0,0.8,-12.111630879726938,13.252374168734406,17.953189791089883,27.88836912027306,13.252374168734406,30.876958290879934,3.246190009849652,7.0
10_LTAN06_800km_HOT_MY_ALL_HEAT_MY_0p5,4356.0,19.593523360564333,160.22602244036378,161.41959120485015,-81.11348419229944,-56.70506790953729,98.96899536945723,-61.519960831735105,103.52095453082649,120.42131708178442,1.0,5.800000000000001,19.593523360564333,0.22602244036377783,19.59482696592466,19.593523360564333,160.22602244036378,161.41959120485015,161.41959120485015,57.0,1.0,0.1,3.0335239471639497,-0.9966311264947194,3.193045746668106,3.0335239471639497,-0.9966311264947194,3.193045746668106,3.193045746668106,0.0,1.0,0.1,3.0335239471639497,1.9135118149630728,3.586613305615818,3.0335239471639497,1.9135118149630728,3.586613305615818,3.586613305615818,0.0,1.0,0.1,0.0,0.0,0.0,0.0,0.0,0.0,0.0,0.0,1.0,2.8000000000000003,18.480039168264895,-16.479045469173514,24.760266299773367,-61.519960831735105,103.52095453082649,120.42131708178442,161.41959120485015,27.0,1.0,2.1,1.9200397548645185,-14.791556094574219,14.915652327645477,-78.07996024513548,-54.79155609457422,95.38655466650847,3.586613305615818,20.0
10_LTAN06_800km_HOT_MY_ALL_HEAT_MY_0p5,4416.5,19.974595228681856,160.0555267053644,161.29710500651058,-86.01676980969546,-43.430036721991115,96.3589787106922,-66.0421745810136,116.62548998337328,134.02639194297137,1.0,5.800000000000001,19.974595228681856,0.055526705364400186,19.974672406942965,19.974595228681856,160.0555267053644,161.29710500651058,161.29710500651058,57.0,1.0,0.1,3.414595815281473,-1.167126861494097,3.608552298714653,3.414595815281473,-1.167126861494097,3.608552298714653,3.608552298714653,0.0,1.0,0.1,3.414595815281473,1.9154184152288565,3.915136305051916,3.414595815281473,1.9154184152288565,3.915136305051916,3.915136305051916,0.0,1.0,0.1,0.0,0.0,0.0,0.0,0.0,0.0,0.0,0.0,1.0,2.8000000000000003,13.957825418986403,-3.374510016626715,14.359951541673704,-66.0421745810136,116.62548998337328,134.02639194297137,161.29710500651058,27.0,1.0,2.1,-2.602173994413988,-1.5146183067622587,3.0108766351984304,-82.60217399441399,-41.51461830676226,92.4477294570267,3.915136305051916,20.0
10_LTAN06_800km_HOT_MY_ALL_HEAT_MY_0p5,4477.0,20.34087228625781,159.88884540065325,161.17752315046863,-14.26826309504358,30.0835265648048,33.29567392807508,6.07260919121423,189.97237196545805,190.069404935596,1.0,5.800000000000001,20.34087228625781,-0.11115459934674732,20.341175991343444,20.34087228625781,159.88884540065325,161.17752315046863,161.17752315046863,57.0,1.0,0.1,3.780872872857426,-1.3338081662052446,4.00924480481611,3.780872872857426,-1.3338081662052446,4.00924480481611,4.00924480481611,0.0,1.0,0.1,3.780872872857426,1.9203435713514807,4.240603625987712,3.780872872857426,1.9203435713514807,4.240603625987712,4.240603625987712,0.0,1.0,0.1,0.0,0.0,0.0,0.0,0.0,0.0,0.0,0.0,1.0,9.200000000000001,6.07260919121423,-10.027628034541948,11.72305021691672,6.07260919121423,189.97237196545805,190.069404935596,161.17752315046863,91.0,1.0,0.4,-10.487390222186153,-7.99612986384372,13.188003885041098,-10.487390222186153,32.00387013615628,33.678376703225496,4.240603625987712,3.0
10_LTAN06_800km_HOT_MY_ALL_HEAT_MY_0p5,4537.5,20.69285025317153,159.72643326807946,161.06125398786148,-61.14353055601474,24.477706234001147,65.86113748890439,-40.45068030284321,184.2041395020806,188.59327280331289,1.0,5.800000000000001,20.69285025317153,-0.27356673192053904,20.69465849819694,20.69285025317153,159.72643326807946,161.06125398786148,161.06125398786148,57.0,1.0,0.1,4.132850839771148,-1.4962202987790363,4.3953533698982055,4.132850839771148,-1.4962202987790363,4.3953533698982055,4.3953533698982055,0.0,1.0,0.1,4.132850839771148,1.929538729047806,4.561093703344901,4.132850839771148,1.929538729047806,4.561093703344901,4.561093703344901,0.0,1.0,0.1,0.0,0.0,0.0,0.0,0.0,0.0,0.0,0.0,1.0,5.6000000000000005,-0.45068030284321026,24.204139502080608,24.20833496487418,-40.45068030284321,184.2041395020806,188.59327280331289,161.06125398786148,55.0,1.0,0.2,-17.010679716243594,-13.592755036951047,21.774439462433453,-57.010679716243594,26.407244963048953,62.82961235155429,4.561093703344901,1.0
10_LTAN06_800km_HOT_MY_ALL_HEAT_MY_0p5,4598.0,21.02838410025485,159.57115885241203,160.95076164892654,-118.66919442255704,-16.90922913324203,119.8678427885441,-97.64081032230219,142.66192971917,172.87612337044465,1.0,5.800000000000001,21.02838410025485,-0.4288411475879741,21.03275641939771,21.02838410025485,159.57115885241203,160.95076164892654,160.95076164892654,57.0,1.0,0.1,4.468384686854467,-1.6514947144464713,4.763811132020257,4.468384686854467,-1.6514947144464713,4.763811132020257,4.763811132020257,0.0,1.0,0.1,4.468384686854467,1.9181031424845116,4.862672246298783,4.468384686854467,1.9181031424845116,4.862672246298783,4.862672246298783,0.0,1.0,0.1,0.0,0.0,0.0,0.0,0.0,0.0,0.0,0.0,1.0,5.4,-17.640810322302187,-17.33807028083001,24.734730034719284,-97.64081032230219,142.66192971917,172.87612337044465,160.95076164892654,53.0,1.0,4.5,5.799190264297437,-14.991125990757524,16.073719737269528,-114.20080973570256,-14.991125990757524,115.18054871705075,4.862672246298783,44.0
10_LTAN06_800km_HOT_MY_ALL_HEAT_MY_0p5,4658.5,21.34510734558812,159.4251503683911,160.84772978683532,-42.87386771266923,-114.96066321034978,122.69524285157486,-21.528760367081112,44.46448715804131,49.402207857248875,1.0,5.800000000000001,21.34510734558812,-0.5748496316089131,21.352846641458388,21.34510734558812,159.4251503683911,160.84772978683532,160.84772978683532,57.0,1.0,0.1,4.785107932187735,-1.7975031984674104,5.111582501651181,4.785107932187735,-1.7975031984674104,5.111582501651181,5.111582501651181,0.0,1.0,0.1,4.785107932187735,1.9151000151574635,5.154111561728374,4.785107932187735,1.9151000151574635,5.154111561728374,5.154111561728374,0.0,1.0,0.1,0.0,0.0,0.0,0.0,0.0,0.0,0.0,0.0,1.0,0.2,18.471239632918888,4.464487158041308,19.003113933274967,-21.528760367081112,44.46448715804131,49.402207857248875,160.84772978683532,1.0,1.0,3.1,1.911240219518504,6.954436804807685,7.212283303418472,-38.088759780481496,-113.04556319519232,119.28978573093946,5.154111561728374,30.0
10_LTAN06_800km_HOT_MY_ALL_HEAT_MY_0p5,4719.0,21.643328762148503,159.28806584587429,160.75173902893252,-142.16523702241804,-59.79891646592205,154.22990964186755,-120.52190826026954,99.48914937995224,156.28058489474398,1.0,5.800000000000001,21.643328762148503,-0.7119341541257143,21.655034752829547,21.643328762148503,159.28806584587429,160.75173902893252,160.75173902893252,57.0,1.0,0.1,5.083329348748119,-1.9345877209842115,5.439013414032628,5.083329348748119,-1.9345877209842115,5.439013414032628,5.439013414032628,0.0,1.0,0.1,5.083329348748119,1.8655640183539504,5.414846846811174,5.083329348748119,1.8655640183539504,5.414846846811174,5.414846846811174,0.0,1.0,0.1,0.0,0.0,0.0,0.0,0.0,0.0,0.0,0.0,1.0,2.6,-0.5219082602695408,-20.510850620047762,20.51748964639805,-120.52190826026954,99.48914937995224,156.28058489474398,160.75173902893252,25.0,1.0,4.3,-17.081907673669917,-17.933352447568097,24.766846787196787,-137.08190767366992,-57.9333524475681,148.82110985094388,5.414846846811174,42.0
10_LTAN06_800km_HOT_MY_ALL_HEAT_MY_0p5,4779.5,21.91619940035824,159.1646201060075,160.66641245028765,-46.34943221673815,-67.70495324479232,82.05017099734478,-24.43323281637991,91.45966686121518,94.6670667562056,1.0,5.800000000000001,21.91619940035824,-0.8353798939924957,21.932114711617526,21.91619940035824,159.1646201060075,160.66641245028765,160.66641245028765,57.0,1.0,0.1,5.356199986957858,-2.058033460850993,5.737976997711796,5.356199986957858,-2.058033460850993,5.737976997711796,5.737976997711796,0.0,1.0,0.1,5.356199986957858,1.8556292033296415,5.668530500979699,5.356199986957858,1.8556292033296415,5.668530500979699,5.668530500979699,0.0,1.0,0.1,0.0,0.0,0.0,0.0,0.0,0.0,0.0,0.0,1.0,1.2000000000000002,15.56676718362009,11.459666861215183,19.32998202583398,-24.43323281637991,91.45966686121518,94.6670667562056,160.66641245028765,11.0,1.0,1.3,-0.9932322297802898,14.15067595853732,14.18549048661344,-40.99323222978029,-65.84932404146268,77.56660728278794,5.668530500979699,12.0
10_LTAN06_800km_HOT_MY_ALL_HEAT_MY_0p5,4840.0,22.16200125561192,159.05593364202812,160.59247904678162,-72.86197678762333,-117.34277314936544,138.1238360015519,-50.699975532011415,41.71316049266268,65.65420989725784,1.0,5.800000000000001,22.16200125561192,-0.9440663579718773,22.18210001199162,22.16200125561192,159.05593364202812,160.59247904678162,160.59247904678162,57.0,1.0,0.1,5.602001842211536,-2.1667199248303746,6.006421553037914,5.602001842211536,-2.1667199248303746,6.006421553037914,6.006421553037914,0.0,1.0,0.1,5.602001842211536,1.8336356040651651,5.894458768083535,5.602001842211536,1.8336356040651651,5.894458768083535,5.894458768083535,0.0,1.0,0.1,0.0,0.0,0.0,0.0,0.0,0.0,0.0,0.0,1.0,0.2,-10.699975532011415,1.7131604926626807,10.836253746533586,-50.699975532011415,41.71316049266268,65.65420989725784,160.59247904678162,1.0,1.0,2.9000000000000004,12.740025054588202,4.490862454699723,13.508370885438655,-67.2599749454118,-115.50913754530028,133.6647488536769,5.894458768083535,28.0
10_LTAN06_800km_HOT_MY_ALL_HEAT_MY_0p5,4900.5,22.382513278833702,158.96071133594455,160.52876579948736,1.997487629494925,-203.19875519482082,203.2085728249542,24.380000908328626,-44.23804385887627,50.51127565949968,1.0,5.800000000000001,22.382513278833702,-1.039288664055448,22.406628965652132,22.382513278833702,158.96071133594455,160.52876579948736,160.52876579948736,57.0,1.0,0.1,5.822513865433319,-2.261942230913945,6.2464430173623775,5.822513865433319,-2.261942230913945,6.2464430173623775,6.2464430173623775,0.0,1.0,0.1,5.822513865433319,1.8519005737406644,6.109926631980472,5.822513865433319,1.8519005737406644,6.109926631980472,6.109926631980472,0.0,1.0,0.1,0.0,0.0,0.0,0.0,0.0,0.0,0.0,0.0,1.0,0.5,24.380000908328626,-4.238043858876267,24.745614965885643,24.380000908328626,-44.23804385887627,50.51127565949968,160.52876579948736,4.0,1.0,9.3,7.820001494928242,-1.3468546210801549,7.935139617612592,7.820001494928242,-201.34685462108015,201.49865579994093,6.109926631980472,92.0
10_LTAN06_800km_HOT_MY_ALL_HEAT_MY_0p5,4961.0,22.573563553049528,158.8833478757402,160.47892074564513,-82.88522355696962,-156.60689656106612,177.18826240633803,-60.311660003920096,2.276451314674091,60.354606808565464,1.0,5.800000000000001,22.573563553049528,-1.1166521242597867,22.601165533002494,22.573563553049528,158.8833478757402,160.47892074564513,160.47892074564513,57.0,1.0,0.1,6.013564139649144,-2.339305691118284,6.452542504948925,6.013564139649144,-2.339305691118284,6.452542504948925,6.452542504948925,0.0,1.0,0.1,6.013564139649144,1.8612673434894873,6.295019442830544,6.013564139649144,1.8612673434894873,6.295019442830544,6.295019442830544,0.0,1.0,0.1,0.0,0.0,0.0,0.0,0.0,0.0,0.0,0.0,1.0,0.9,-20.311660003920096,2.276451314674091,20.438829778216967,-60.311660003920096,2.276451314674091,60.354606808565464,160.47892074564513,8.0,1.0,5.5,3.1283405826795274,5.254370782423365,6.115139174248123,-76.87165941732047,-154.74562921757664,172.78733108511233,6.295019442830544,54.0
10_LTAN06_800km_HOT_MY_ALL_HEAT_MY_0p5,5021.5,22.736009292308424,158.8232393547813,160.44234938969848,-26.87222793580219,-95.40796630053683,99.12011232761027,-4.136218643493766,63.415273054244466,63.55002093792865,1.0,5.800000000000001,22.736009292308424,-1.1767606452187067,22.76644206186093,22.736009292308424,158.8232393547813,160.44234938969848,160.44234938969848,57.0,1.0,0.1,6.17600987890804,-2.399414212077204,6.625729136139491,6.17600987890804,-2.399414212077204,6.625729136139491,6.625729136139491,0.0,1.0,0.1,6.17600987890804,1.859288151406389,6.44981010994354,6.17600987890804,1.859288151406389,6.44981010994354,6.44981010994354,0.0,1.0,0.1,0.0,0.0,0.0,0.0,0.0,0.0,0.0,0.0,1.0,0.4,-4.136218643493766,23.415273054244466,23.777790411886727,-4.136218643493766,63.415273054244466,63.55002093792865,160.44234938969848,3.0,1.0,1.3,19.30378194310585,-13.548678149130438,23.583949560998132,-20.69621805689415,-93.54867814913044,95.81069160228469,6.44981010994354,12.0
10_LTAN06_800km_HOT_MY_ALL_HEAT_MY_0p5,5082.0,22.87037073428591,158.78016749336956,160.41881263351308,-66.73389682132766,-65.64075418550271,93.60620489583582,-43.86352608704175,93.13941330786685,102.95124687016781,1.0,5.800000000000001,22.87037073428591,-1.2198325066304392,22.902878615316325,22.87037073428591,158.78016749336956,160.41881263351308,160.41881263351308,57.0,1.0,0.1,6.310371320885526,-2.4424860734889364,6.766574053879994,6.310371320885526,-2.4424860734889364,6.766574053879994,6.766574053879994,0.0,1.0,0.1,6.310371320885526,1.8457674132577893,6.574773269953793,6.310371320885526,1.8457674132577893,6.574773269953793,6.574773269953793,0.0,1.0,0.1,0.0,0.0,0.0,0.0,0.0,0.0,0.0,0.0,1.0,1.2000000000000002,-3.8635260870417483,13.139413307866846,13.6956568261694,-43.86352608704175,93.13941330786685,102.95124687016781,160.41881263351308,11.0,0.0,nan,nan,nan,nan,-60.42352550044213,-63.794986772244926,87.8680987114976,6.574773269953793,nan
10_LTAN06_800km_HOT_MY_ALL_HEAT_MY_0p5,5142.5,22.97322275449788,158.75530553537328,160.408902494087,-78.73515122022438,-154.27325140280215,173.2035222969319,-55.7619284657265,4.482054132571136,55.94176861222835,1.0,5.800000000000001,22.97322275449788,-1.2446944646267184,23.006916960732735,22.97322275449788,158.75530553537328,160.408902494087,160.408902494087,57.0,1.0,0.1,6.4132233410974955,-2.4673480314852156,6.8714801848853275,6.4132233410974955,-2.4673480314852156,6.8714801848853275,6.8714801848853275,0.0,1.0,0.1,6.4132233410974955,1.8495021037217043,6.674585504319255,6.4132233410974955,1.8495021037217043,6.674585504319255,6.674585504319255,0.0,1.0,0.1,0.0,0.0,0.0,0.0,0.0,0.0,0.0,0.0,1.0,0.9,-15.761928465726498,4.482054132571136,16.38679951076406,-55.7619284657265,4.482054132571136,55.94176861222835,160.408902494087,8.0,1.0,5.5,7.678072120873111,7.576250700919559,10.786675399608214,-72.32192787912689,-152.42374929908044,168.71117509679834,6.674585504319255,54.0
10_LTAN06_800km_HOT_MY_ALL_HEAT_MY_0p5,5203.0,23.04576861155759,158.74759846717262,160.41168121428103,48.390953611231126,-86.66791364814422,99.26233750787107,71.43672222278872,72.0796848190284,101.4824430408844,1.0,5.800000000000001,23.04576861155759,-1.2524015328273777,23.07977383981224,23.04576861155759,158.74759846717262,160.41168121428103,160.41168121428103,57.0,1.0,0.1,6.485769198157207,-2.475055099685875,6.941980973630355,6.485769198157207,-2.475055099685875,6.941980973630355,6.941980973630355,0.0,1.0,0.1,6.485769198157207,1.8427687341851993,6.742477193098639,6.485769198157207,1.8427687341851993,6.742477193098639,6.742477193098639,0.0,1.0,0.1,0.0,0.0,0.0,0.0,0.0,0.0,0.0,0.0,1.0,1.8,-8.563277777211283,-7.920315180971599,11.664523944662713,71.43672222278872,72.0796848190284,101.4824430408844,160.41168121428103,17.0,1.0,1.7000000000000002,14.876722809388333,-4.825144913959022,15.63965808411679,54.87672280938833,-84.82514491395902,101.02851041152982,6.742477193098639,16.0
10_LTAN06_800km_HOT_MY_ALL_HEAT_MY_0p5,5263.5,23.086892346959065,158.75644602361194,160.42634993132546,-126.82975206917999,-74.73793515293416,147.21258424759023,-103.74285972222093,84.01851087067779,133.49790677111986,1.0,5.800000000000001,23.086892346959065,-1.243553976388057,23.12035952861174,23.086892346959065,158.75644602361194,160.42634993132546,160.42634993132546,57.0,1.0,0.1,6.526892933558681,-2.4662075432465542,6.977285361263681,6.526892933558681,-2.4662075432465542,6.977285361263681,6.977285361263681,0.0,1.0,0.1,6.526892933558681,1.8240029527609352,6.776969686948501,6.526892933558681,1.8240029527609352,6.776969686948501,6.776969686948501,0.0,1.0,0.1,0.0,0.0,0.0,0.0,0.0,0.0,0.0,0.0,1.0,1.0,-23.742859722220928,4.018510870677787,24.080527764291553,-103.74285972222093,84.01851087067779,133.49790677111986,160.42634993132546,9.0,1.0,4.1000000000000005,-0.3028591356213042,7.086067799826779,7.092536959351795,-120.3028591356213,-72.91393220017322,140.67416047411336,6.776969686948501,40.0
10_LTAN06_800km_HOT_MY_ALL_HEAT_MY_0p5,5324.0,23.09426567506452,158.7817117777357,160.45241382459287,40.198064073912654,-53.20142296612873,66.680400125609,63.292329748977174,105.58028881160696,123.09799507138855,1.0,5.800000000000001,23.09426567506452,-1.2182882222643059,23.12637743493285,23.09426567506452,158.7817117777357,160.45241382459287,160.45241382459287,57.0,1.0,0.1,6.534266261664136,-2.440941789122803,6.975301598942388,6.534266261664136,-2.440941789122803,6.975301598942388,6.975301598942388,0.0,1.0,0.1,6.534266261664136,1.820667656633617,6.7831752368808775,6.534266261664136,1.820667656633617,6.7831752368808775,6.7831752368808775,0.0,1.0,0.1,0.0,0.0,0.0,0.0,0.0,0.0,0.0,0.0,1.0,3.6,-16.707670251022826,-14.419711188393038,22.06976021558867,63.292329748977174,105.58028881160696,123.09799507138855,160.45241382459287,35.0,1.0,0.7000000000000001,6.7323303355767905,-11.380755309495115,13.222929447060086,46.73233033557679,-51.380755309495115,69.4542490764077,6.7831752368808775,6.0
10_LTAN06_800km_HOT_MY_ALL_HEAT_MY_0p5,5384.5,23.069641177554363,158.82237164045867,160.48910890637123,-34.481018166411644,-5.492301227020171,34.91569828258826,-11.411376988857281,153.3300704134385,153.7541219537604,1.0,5.800000000000001,23.069641177554363,-1.1776283595413304,23.09967862577979,23.069641177554363,158.82237164045867,160.48910890637123,160.48910890637123,57.0,1.0,0.1,6.509641764153979,-2.4002819263998276,6.93806811899533,6.509641764153979,-2.4002819263998276,6.93806811899533,6.93806811899533,0.0,1.0,0.1,6.509641764153979,1.805132041133902,6.755289600272218,6.509641764153979,1.805132041133902,6.755289600272218,6.755289600272218,0.0,1.0,0.1,0.0,0.0,0.0,0.0,0.0,0.0,0.0,0.0,1.0,5.800000000000001,-11.411376988857281,-6.669929586561494,13.217695921434638,-11.411376988857281,153.3300704134385,153.7541219537604,160.48910890637123,57.0,1.0,0.9,12.028623597742335,-3.687169185886262,12.581057279160321,-27.971376402257665,-3.687169185886262,28.21334993300381,6.755289600272218,8.0
10_LTAN06_800km_HOT_MY_ALL_HEAT_MY_0p5,5445.0,23.0148823753343,158.8750332012537,160.53336408812325,69.93437381570192,26.11445314492167,74.6510636498412,92.94925619103621,184.98948634617537,207.02819683581436,1.0,5.800000000000001,23.0148823753343,-1.1249667987463,23.04236014493209,23.0148823753343,158.8750332012537,160.53336408812325,160.53336408812325,57.0,1.0,0.1,6.454882961933915,-2.347620365604797,6.868539541508599,6.454882961933915,-2.347620365604797,6.868539541508599,6.868539541508599,0.0,1.0,0.1,6.454882961933915,1.8006002862651656,6.7013189331028675,6.454882961933915,1.8006002862651656,6.7013189331028675,6.7013189331028675,0.0,1.0,0.1,0.0,0.0,0.0,0.0,0.0,0.0,0.0,0.0,1.0,9.600000000000001,12.949256191036213,-15.010513653824631,19.82419622715497,92.94925619103621,184.98948634617537,207.02819683581436,160.53336408812325,95.0,1.0,2.4000000000000004,-3.610743222364164,-12.084946568813166,12.61282681197668,76.38925677763584,27.915053431186834,81.32999913381039,6.7013189331028675,23.0
10_LTAN06_800km_HOT_MY_ALL_HEAT_MY_0p5,5505.5,22.931065185678683,158.93791203355033,160.5836032480727,-56.90022762971515,55.374752874459105,79.39772767668364,-33.96916244403646,214.31266490800942,216.98806957324192,1.0,5.800000000000001,22.931065185678683,-1.062087966449667,22.955648137186678,22.931065185678683,158.93791203355033,160.5836032480727,160.5836032480727,57.0,1.0,0.1,6.3710657722783,-2.284741533308164,6.768347135654275,6.3710657722783,-2.284741533308164,6.768347135654275,6.768347135654275,0.0,1.0,0.1,6.3710657722783,1.7787064031846285,6.614701470469101,6.3710657722783,1.7787064031846285,6.614701470469101,6.614701470469101,0.0,1.0,0.1,0.0,0.0,0.0,0.0,0.0,0.0,0.0,0.0,1.0,9.0,6.0308375559635365,14.312664908009424,15.53136756359158,-33.96916244403646,214.31266490800942,216.98806957324192,160.5836032480727,89.0,1.0,0.2,-10.529161857436847,17.15345927764372,20.12720583215376,-50.52916185743685,57.15345927764372,76.28705070597715,6.614701470469101,1.0
10_LTAN06_800km_HOT_MY_ALL_HEAT_MY_0p5,5566.0,22.81906182775093,159.01076802862363,160.63976447863547,-91.16363061284864,-73.82429972398039,117.30658453919798,-68.3445687850977,85.18646830464324,109.21407631179663,1.0,5.800000000000001,22.81906182775093,-0.9892319713763698,22.840493921802846,22.81906182775093,159.01076802862363,160.63976447863547,160.63976447863547,57.0,1.0,0.1,6.259062414350545,-2.211885538234867,6.638395886130039,6.259062414350545,-2.211885538234867,6.638395886130039,6.638395886130039,0.0,1.0,0.1,6.259062414350545,1.7382157954913282,6.495941537485634,6.259062414350545,1.7382157954913282,6.495941537485634,6.495941537485634,0.0,1.0,0.1,0.0,0.0,0.0,0.0,0.0,0.0,0.0,0.0,1.0,1.0,11.655431214902293,5.186468304643242,12.757293219189865,-68.3445687850977,85.18646830464324,109.21407631179663,160.63976447863547,9.0,1.0,1.1,-4.904568198498083,7.91391607151094,9.310470278167363,-84.90456819849808,-72.08608392848906,111.37858500231802,6.495941537485634,10.0
10_LTAN06_800km_HOT_MY_ALL_HEAT_MY_0p5,5626.5,22.67682230904545,159.09003960418036,160.69809884157218,-38.612453665859576,-33.66272842763699,51.225978402476535,-15.935631356814127,125.42731117654337,126.4355754355463,1.0,5.800000000000001,22.67682230904545,-0.9099603958196383,22.69507210735365,22.67682230904545,159.09003960418036,160.69809884157218,160.69809884157218,57.0,1.0,0.1,6.116822895645065,-2.1326139626781355,6.477929040248697,6.116822895645065,-2.1326139626781355,6.477929040248697,6.477929040248697,0.0,1.0,0.1,6.116822895645065,1.7581771844131993,6.36448814504975,6.116822895645065,1.7581771844131993,6.36448814504975,6.36448814504975,0.0,1.0,0.1,0.0,0.0,0.0,0.0,0.0,0.0,0.0,0.0,1.0,3.0,24.064368643185873,5.42731117654337,24.668796987331586,-15.935631356814127,125.42731117654337,126.4355754355463,160.69809884157218,29.0,1.0,0.30000000000000004,7.504369229785489,8.095448756776207,11.038652458997914,-32.49563077021451,-31.904551243223793,45.539723420170276,6.36448814504975,2.0
10_LTAN06_800km_HOT_MY_ALL_HEAT_MY_0p5,5687.0,22.50535074071139,159.1750264450434,160.7581408692658,-45.24443215785043,-8.896053881127907,46.110719100251096,-22.739081417139044,150.2789725639155,151.98958983615077,1.0,5.800000000000001,22.50535074071139,-0.824973554956614,22.520466099279925,22.50535074071139,159.1750264450434,160.7581408692658,160.7581408692658,57.0,1.0,0.1,5.9453513273110055,-2.047627121815111,6.288082317777938,5.9453513273110055,-2.047627121815111,6.288082317777938,6.288082317777938,0.0,1.0,0.1,5.9453513273110055,1.7584240616927787,6.19994012760598,5.9453513273110055,1.7584240616927787,6.19994012760598,6.19994012760598,0.0,1.0,0.1,0.0,0.0,0.0,0.0,0.0,0.0,0.0,0.0,1.0,5.6000000000000005,17.260918582860956,-9.721027436084512,19.81003999837614,-22.739081417139044,150.2789725639155,151.98958983615077,160.7581408692658,55.0,1.0,0.9,0.7009191694605761,-7.137629819435119,7.171962571110275,-39.299080830539424,-7.137629819435119,39.94200187227175,6.19994012760598,8.0
10_LTAN06_800km_HOT_MY_ALL_HEAT_MY_0p5,5747.5,22.30624372869839,159.26508463052437,160.81957496415723,-213.3278558787917,-116.4953562088133,243.0636585589479,-191.0216121500933,42.769728421711065,195.75113276220802,1.0,5.800000000000001,22.30624372869839,-0.7349153694756296,22.31834693440327,22.30624372869839,159.26508463052437,160.81957496415723,160.81957496415723,57.0,1.0,0.1,5.746244315298007,-1.9575689363341269,6.070535385910784,5.746244315298007,-1.9575689363341269,6.070535385910784,6.070535385910784,0.0,1.0,0.1,5.746244315298007,1.7902157762658817,6.018654023673891,5.746244315298007,1.7902157762658817,6.018654023673891,6.018654023673891,0.0,1.0,0.1,0.0,0.0,0.0,0.0,0.0,0.0,0.0,0.0,1.0,11.5,8.97838784990671,2.769728421711065,9.395895056533279,-191.0216121500933,42.769728421711065,195.75113276220802,160.81957496415723,114.0,1.0,10.700000000000001,-7.581611563493681,5.294859567452576,9.247506244320421,-207.58161156349368,-114.70514043254742,237.1653319963683,6.018654023673891,106.0
10_LTAN06_800km_HOT_MY_ALL_HEAT_MY_0p5,5808.0,22.08385774625004,159.3551264476588,160.878069040208,-47.962612673475654,-84.38785595727303,97.06555747293325,-25.878754927225614,74.96727049038576,79.30826943870397,1.0,5.800000000000001,22.08385774625004,-0.6448735523412097,22.093271257446624,22.08385774625004,159.3551264476588,160.878069040208,160.878069040208,57.0,1.0,0.1,5.523858332849656,-1.867527119199707,5.831009211306302,5.523858332849656,-1.867527119199707,5.831009211306302,5.831009211306302,0.0,1.0,0.1,5.523858332849656,1.8230555225770217,5.816918627571745,5.523858332849656,1.8230555225770217,5.816918627571745,5.816918627571745,0.0,1.0,0.1,0.0,0.0,0.0,0.0,0.0,0.0,0.0,0.0,1.0,1.2000000000000002,14.121245072774386,-5.032729509614242,14.991261745506844,-25.878754927225614,74.96727049038576,79.30826943870397,160.878069040208,11.0,1.0,1.3,-2.438754340625998,-2.5648004346960107,3.5391699597135755,-42.438754340626,-82.56480043469601,92.83315216454292,5.816918627571745,12.0
10_LTAN06_800km_HOT_MY_ALL_HEAT_MY_0p5,5868.5,21.83933602332717,159.44563756716408,160.93435909444335,-20.934076099199768,-42.84941885089695,47.68970788321826,0.9052599241274031,116.59621871626713,116.59973290905015,1.0,5.800000000000001,21.83933602332717,-0.5543624328359158,21.846370766027377,21.83933602332717,159.44563756716408,160.93435909444335,160.93435909444335,57.0,1.0,0.1,5.279336609926787,-1.777015999694413,5.570384268978505,5.279336609926787,-1.777015999694413,5.570384268978505,5.570384268978505,0.0,1.0,0.1,5.279336609926787,1.8013735053752953,5.5782023579986175,5.279336609926787,1.8013735053752953,5.5782023579986175,5.5782023579986175,0.0,1.0,0.1,0.0,0.0,0.0,0.0,0.0,0.0,0.0,0.0,1.0,3.2,0.9052599241274031,-3.4037812837328687,3.5221048476332055,0.9052599241274031,116.59621871626713,116.59973290905015,160.93435909444335,31.0,1.0,0.30000000000000004,24.34526051072702,-1.0480453455216576,24.367808854745928,-15.65473948927298,-41.04804534552166,43.931912036297774,5.5782023579986175,2.0
10_LTAN06_800km_HOT_MY_ALL_HEAT_MY_0p5,5929.0,21.57476631527448,159.53764025944304,160.98984191901724,-69.23547368259764,-76.72053927386789,103.34211127380152,-47.66070736732316,82.81710098557515,95.55215979981072,1.0,5.800000000000001,21.57476631527448,-0.4623597405569626,21.5797200651072,21.57476631527448,159.53764025944304,160.98984191901724,160.98984191901724,57.0,1.0,0.1,5.014766901874097,-1.6850133074154598,5.290288926542587,5.014766901874097,-1.6850133074154598,5.290288926542587,5.290288926542587,0.0,1.0,0.1,5.014766901874097,1.7789720716273507,5.320961258246675,5.014766901874097,1.7789720716273507,5.320961258246675,5.320961258246675,0.0,1.0,0.1,0.0,0.0,0.0,0.0,0.0,0.0,0.0,0.0,1.0,1.2000000000000002,-7.6607073673231625,2.817100985575152,8.162260430217103,-47.66070736732316,82.81710098557515,95.55215979981072,160.98984191901724,11.0,1.0,1.1,15.779293219276454,5.058432797759465,16.570269667973196,-64.22070678072355,-74.94156720224053,98.6941623103596,5.320961258246675,10.0
10_LTAN06_800km_HOT_MY_ALL_HEAT_MY_0p5,5989.5,21.294017171648928,159.63227320960718,161.046259867695,-36.05807640829113,-131.68730188419346,136.53472214716982,-14.7640592366422,27.944971325413718,31.605361373053068,1.0,5.800000000000001,21.294017171648928,-0.3677267903928225,21.297192075455676,21.294017171648928,159.63227320960718,161.046259867695,161.046259867695,57.0,1.0,0.1,4.7340177582485445,-1.5903803572513198,4.994019805341526,4.7340177582485445,-1.5903803572513198,4.994019805341526,4.994019805341526,0.0,1.0,0.1,4.7340177582485445,1.7592183217324475,5.0503240726642185,4.7340177582485445,1.7592183217324475,5.0503240726642185,5.0503240726642185,0.0,1.0,0.1,0.0,0.0,0.0,0.0,0.0,0.0,0.0,0.0,1.0,0.4,-14.7640592366422,-12.055028674586282,19.060460684048994,-14.7640592366422,27.944971325413718,31.605361373053068,161.046259867695,3.0,1.0,3.1,8.675941349957416,-9.928083562461012,13.184794330254432,-31.324058650042584,-129.928083562461,133.65067732161015,5.0503240726642185,30.0
10_LTAN06_800km_HOT_MY_ALL_HEAT_MY_0p5,6050.0,20.99820998044253,159.72845957841164,161.1027796832663,-39.112264879268935,-10.574433463283444,40.516514004236626,-18.114054898826403,149.1540261151282,150.24993341506027,1.0,5.800000000000001,20.99820998044253,-0.27154042158835523,20.999965632907895,20.99820998044253,159.72845957841164,161.1027796832663,161.1027796832663,57.0,1.0,0.1,4.438210567042148,-1.4941939884468525,4.682982886207817,4.438210567042148,-1.4941939884468525,4.682982886207817,4.682982886207817,0.0,1.0,0.1,4.438210567042148,1.7684672015197123,4.777571483531728,4.438210567042148,1.7684672015197123,4.777571483531728,4.777571483531728,0.0,1.0,0.1,0.0,0.0,0.0,0.0,0.0,0.0,0.0,0.0,1.0,5.6000000000000005,21.885945101173597,-10.845973884871796,24.426005454902068,-18.114054898826403,149.1540261151282,150.24993341506027,161.1027796832663,55.0,1.0,0.9,5.325945687773213,-8.805966261763729,10.291294343882656,-34.67405431222679,-8.805966261763729,35.77478279809081,4.777571483531728,8.0
10_LTAN06_800km_HOT_MY_ALL_HEAT_MY_0p5,6110.5,20.69150704941768,159.81827038988197,161.15215795759462,34.055161740264516,-41.26884662301499,53.50581036438483,54.7466687896822,118.549423766867,130.58010422351245,1.0,5.800000000000001,20.69150704941768,-0.18172961011802613,20.692305082500965,20.69150704941768,159.81827038988197,161.15215795759462,161.15215795759462,57.0,1.0,0.1,4.131507636017297,-1.4043831769765234,4.363673619124591,4.131507636017297,-1.4043831769765234,4.363673619124591,4.363673619124591,0.0,1.0,0.1,4.131507636017297,1.7724743678549544,4.495666883919676,4.131507636017297,1.7724743678549544,4.495666883919676,4.495666883919676,0.0,1.0,0.1,0.0,0.0,0.0,0.0,0.0,0.0,0.0,0.0,1.0,3.4000000000000004,14.746668789682197,-1.450576233133006,14.81784099660667,54.7466687896822,118.549423766867,130.58010422351245,161.15215795759462,33.0,1.0,0.7000000000000001,-1.813330623718187,0.5036277448399744,1.8819694089667844,38.18666937628181,-39.496372255160026,54.93801178939436,4.495666883919676,6.0
10_LTAN06_800km_HOT_MY_ALL_HEAT_MY_0p5,6171.0,20.377125703463605,159.8950590580099,161.1882662078702,129.03969733953838,-78.68985797924844,151.14012451455093,149.41682304300198,81.20520107876146,170.0578480709016,1.0,5.800000000000001,20.377125703463605,-0.10494094199009396,20.377395921365,20.377125703463605,159.8950590580099,161.1882662078702,161.1882662078702,57.0,1.0,0.1,3.8171262900632215,-1.3275945088485912,4.041405732442208,3.8171262900632215,-1.3275945088485912,4.041405732442208,4.041405732442208,0.0,1.0,0.1,3.8171262900632215,1.7634729945380059,4.2047937068014,3.8171262900632215,1.7634729945380059,4.2047937068014,4.2047937068014,0.0,1.0,0.1,0.0,0.0,0.0,0.0,0.0,0.0,0.0,0.0,1.0,7.800000000000001,-10.583176956998017,1.205201078761462,10.651579420132096,149.41682304300198,81.20520107876146,170.0578480709016,161.1882662078702,77.0,1.0,4.0,12.856823629601593,3.073615015289562,13.219115821600752,132.8568236296016,-76.92638498471044,153.52069662349422,4.2047937068014,39.0
10_LTAN06_800km_HOT_MY_ALL_HEAT_MY_0p5,6231.5,20.055513427151247,159.96036262711613,161.21272043677303,-0.9151323379424454,24.09060959430668,24.10798493904559,19.1403810892088,184.0509722214228,185.04354774995826,1.0,5.800000000000001,20.055513427151247,-0.03963737288387392,20.055552596425088,20.055513427151247,159.96036262711613,161.21272043677303,161.21272043677303,57.0,1.0,0.1,3.4955140137508636,-1.2622909397423712,3.716449466477965,3.4955140137508636,-1.2622909397423712,3.716449466477965,3.716449466477965,0.0,1.0,0.1,3.4955140137508636,1.7429734972396886,3.9059665682656095,3.4955140137508636,1.7429734972396886,3.9059665682656095,3.9059665682656095,0.0,1.0,0.1,0.0,0.0,0.0,0.0,0.0,0.0,0.0,0.0,1.0,9.200000000000001,19.1403810892088,-15.949027778577204,24.914366845697067,19.1403810892088,184.0509722214228,185.04354774995826,161.21272043677303,91.0,1.0,0.4,2.580381675808418,-14.166416908453641,14.399504769851257,2.580381675808418,25.83358309154636,25.962133674655437,3.9059665682656095,3.0
10_LTAN06_800km_HOT_MY_ALL_HEAT_MY_0p5,6292.0,19.73177518349289,160.02481855049615,161.23673745152226,-48.67626351105173,-54.15943055901434,72.81910839796133,-28.94448832755884,105.86538799148181,109.75091698537726,1.0,5.800000000000001,19.73177518349289,0.024818550496149783,19.73179079182512,19.73177518349289,160.02481855049615,161.23673745152226,161.23673745152226,57.0,1.0,0.1,3.1717757700925056,-1.1978350163623475,3.390423316072743,3.1717757700925056,-1.1978350163623475,3.390423316072743,3.390423316072743,0.0,1.0,0.1,3.1717757700925056,1.7490589109299322,3.6220668974563828,3.1717757700925056,1.7490589109299322,3.6220668974563828,3.6220668974563828,0.0,1.0,0.1,0.0,0.0,0.0,0.0,0.0,0.0,0.0,0.0,1.0,3.0,11.05551167244116,-14.13461200851819,17.944681523248867,-28.94448832755884,105.86538799148181,109.75091698537726,161.23673745152226,29.0,1.0,0.30000000000000004,-5.50448774095922,-12.410371648084407,13.576329022749398,-45.50448774095922,-52.41037164808441,69.40825210922284,3.6220668974563828,2.0
10_LTAN06_800km_HOT_MY_ALL_HEAT_MY_0p5,6352.5,19.407772265853204,160.09200114045822,161.26410156473045,-14.276965785523263,-84.03484293980634,85.23899682632897,5.130806480329941,76.05715820065188,76.23002353861361,1.0,5.800000000000001,19.407772265853204,0.09200114045822261,19.407990327003628,19.407772265853204,160.09200114045822,161.26410156473045,161.26410156473045,57.0,1.0,0.1,2.8477728524528203,-1.1306524264002746,3.064014544432206,2.8477728524528203,-1.1306524264002746,3.064014544432206,3.064014544432206,0.0,1.0,0.1,2.8477728524528203,1.7590394644314244,3.3472421568500934,2.8477728524528203,1.7590394644314244,3.3472421568500934,3.3472421568500934,0.0,1.0,0.1,0.0,0.0,0.0,0.0,0.0,0.0,0.0,0.0,1.0,1.4000000000000001,5.130806480329941,-3.942841799348116,6.470794123852373,5.130806480329941,76.05715820065188,76.23002353861361,161.26410156473045,13.0,1.0,1.5,-11.429192933070443,-2.2758034753749143,11.653571665368343,-11.429192933070443,-82.27580347537491,83.06584309221127,3.3472421568500934,14.0
10_LTAN06_800km_HOT_MY_ALL_HEAT_MY_0p5,6413.0,19.08371158353264,160.16126101777854,161.2941957375046,-19.160426745389124,-34.96648507295683,39.87200811876341,-0.07671516185648386,125.19477594482171,125.19479944905926,1.0,5.800000000000001,19.08371158353264,0.16126101777854274,19.08439291461253,19.08371158353264,160.16126101777854,161.2941957375046,161.2941957375046,57.0,1.0,0.1,2.5237121701322565,-1.0613925490799545,2.7378234532044075,2.5237121701322565,-1.0613925490799545,2.7378234532044075,2.7378234532044075,0.0,1.0,0.1,2.5237121701322565,1.7711059651689425,3.0831703581752787,2.5237121701322565,1.7711059651689425,3.0831703581752787,3.0831703581752787,0.0,1.0,0.1,0.0,0.0,0.0,0.0,0.0,0.0,0.0,0.0,1.0,3.2,-0.07671516185648386,5.194775944821714,5.195342369176164,-0.07671516185648386,125.19477594482171,125.19479944905926,161.2941957375046,31.0,1.0,0.30000000000000004,23.363285424743133,6.804620892212114,24.334049628550208,-16.636714575256867,-33.195379107787886,37.13103103831517,3.0831703581752787,2.0
10_LTAN06_800km_HOT_MY_ALL_HEAT_MY_0p5,6473.5,18.76279502155383,160.23507200655237,161.3298508583141,66.24349348237998,-85.63546088620595,108.26648876703736,85.0062885039338,74.59961112034642,113.09805950820262,1.0,5.800000000000001,18.76279502155383,0.2350720065523717,18.764267528179985,18.76279502155383,160.23507200655237,161.3298508583141,161.3298508583141,57.0,1.0,0.1,2.2027956081534477,-0.9875815603061255,2.414047603001399,2.2027956081534477,-0.9875815603061255,2.414047603001399,2.414047603001399,0.0,1.0,0.1,2.2027956081534477,1.787714925293443,2.836940807527901,2.2027956081534477,1.787714925293443,2.836940807527901,2.836940807527901,0.0,1.0,0.1,0.0,0.0,0.0,0.0,0.0,0.0,0.0,0.0,1.0,1.8,5.006288503933803,-5.400388879653576,7.363906886708017,85.0062885039338,74.59961112034642,113.09805950820262,161.3298508583141,17.0,1.0,1.9000000000000001,-11.553710909466588,-3.847745960912505,12.177577130088142,68.44628909053341,-83.8477459609125,108.23741955992203,2.836940807527901,18.0
10_LTAN06_800km_HOT_MY_ALL_HEAT_MY_0p5,6534.0,18.44554554268952,160.3131958187038,161.37087377830457,-115.42019092156673,-25.362436303024115,118.1739127201764,-96.97464537887721,134.9507595156797,166.17999079377097,1.0,5.800000000000001,18.44554554268952,0.31319581870380375,18.44820430254085,18.44554554268952,160.3131958187038,161.37087377830457,161.37087377830457,57.0,1.0,0.1,1.8855461292891356,-0.9094577481546935,2.0934176843993284,1.8855461292891356,-0.9094577481546935,2.0934176843993284,2.0934176843993284,0.0,1.0,0.1,1.8855461292891356,1.781259507961522,2.593871554333515,1.8855461292891356,1.781259507961522,2.593871554333515,2.593871554333515,0.0,1.0,0.1,0.0,0.0,0.0,0.0,0.0,0.0,0.0,0.0,1.0,2.8000000000000003,-16.974645378877213,14.950759515679692,22.61998664531711,-96.97464537887721,134.9507595156797,166.17999079377097,161.37087377830457,27.0,1.0,4.3,6.465355207722411,16.41882320493741,17.645922288081586,-113.53464479227759,-23.58117679506259,115.95769688618623,2.593871554333515,42.0
10_LTAN06_800km_HOT_MY_ALL_HEAT_MY_0p5,6594.5,18.13254180633809,160.39593076917436,161.41760647360738,-104.74425504712002,-110.47835338669007,152.23936919342023,-86.61171324078194,49.91757738248428,99.96676148720508,1.0,5.800000000000001,18.13254180633809,0.3959307691743561,18.136863938745794,18.13254180633809,160.39593076917436,161.41760647360738,161.41760647360738,57.0,1.0,0.1,1.5725423929377058,-0.8267227976841411,1.7766148040014018,1.5725423929377058,-0.8267227976841411,1.7766148040014018,1.7766148040014018,0.0,1.0,0.1,1.5725423929377058,1.7508415539959685,2.353366891240136,1.5725423929377058,1.7508415539959685,2.353366891240136,2.353366891240136,0.0,1.0,0.1,0.0,0.0,0.0,0.0,0.0,0.0,0.0,0.0,1.0,2.5,-6.611713240781938,9.917577382484282,11.919441812261805,-86.61171324078194,49.91757738248428,99.96676148720508,161.41760647360738,24.0,1.0,2.7,16.82828734581767,11.272488167305895,20.254881991151134,-103.17171265418233,-108.7275118326941,149.88687107724212,2.353366891240136,26.0
10_LTAN06_800km_HOT_MY_ALL_HEAT_MY_0p5,6655.0,17.826495705153096,160.4857324925435,161.4727663811891,-28.684427197496735,-74.69037165691297,80.00904937503182,-10.857931492343639,85.79536083563052,86.47970060776385,1.0,5.800000000000001,17.826495705153096,0.48573249254349093,17.833112044176538,17.826495705153096,160.4857324925435,161.4727663811891,161.4727663811891,57.0,1.0,0.1,1.2664962917527127,-0.7369210743150063,1.4652868411314406,1.2664962917527127,-0.7369210743150063,1.4652868411314406,1.4652868411314406,0.0,1.0,0.1,1.2664962917527127,1.7535924039602833,2.1631225522957727,1.2664962917527127,1.7535924039602833,2.1631225522957727,2.1631225522957727,0.0,1.0,0.1,0.0,0.0,0.0,0.0,0.0,0.0,0.0,0.0,1.0,1.4000000000000001,-10.857931492343639,5.795360835630518,12.307757046171647,-10.857931492343639,85.79536083563052,86.47970060776385,161.4727663811891,13.0,1.0,1.3,12.582069094255978,7.0632207470473105,14.429052290921641,-27.417930905744022,-72.93677925295269,77.91993777555332,2.1631225522957727,12.0
10_LTAN06_800km_HOT_MY_ALL_HEAT_MY_0p5,6715.5,17.52734516154123,160.5821462419682,161.53585831043415,-34.484824377104395,-68.41073491190687,76.6109115172697,-16.957479215563165,92.17141133006132,93.71832887926253,1.0,5.800000000000001,17.52734516154123,0.5821462419681893,17.537010083216593,17.52734516154123,160.5821462419682,161.53585831043415,161.53585831043415,57.0,1.0,0.1,0.967345748140847,-0.6405073248903079,1.160175602951688,0.967345748140847,-0.6405073248903079,1.160175602951688,1.160175602951688,0.0,1.0,0.1,0.967345748140847,1.791555250088635,2.036032418839721,0.967345748140847,1.791555250088635,2.036032418839721,2.036032418839721,0.0,1.0,0.1,0.0,0.0,0.0,0.0,0.0,0.0,0.0,0.0,1.0,1.4000000000000001,-16.957479215563165,12.171411330061318,20.873412636936056,-16.957479215563165,92.17141133006132,93.71832887926253,161.53585831043415,13.0,1.0,1.3,6.482521371036455,13.380820338181763,14.86840395767626,-33.517478628963545,-66.61917966181824,74.57570966780433,2.036032418839721,12.0
10_LTAN06_800km_HOT_MY_ALL_HEAT_MY_0p5,6776.0,17.236060393068012,160.6839296460369,161.60571470206744,-65.79921401761854,-214.77135277147852,224.6247326912761,-48.56315362455052,-54.08742312544163,72.68995274666405,1.0,5.800000000000001,17.236060393068012,0.6839296460368871,17.249624275160777,17.236060393068012,160.6839296460369,161.60571470206744,161.60571470206744,57.0,1.0,0.1,0.6760609796676285,-0.5387239208216101,0.8644546900182577,0.6760609796676285,-0.5387239208216101,0.8644546900182577,0.8644546900182577,0.0,1.0,0.1,0.6760609796676285,1.8088071195953717,1.9310208813288525,0.6760609796676285,1.8088071195953717,1.9310208813288525,1.9310208813288525,0.0,1.0,0.1,0.0,0.0,0.0,0.0,0.0,0.0,0.0,0.0,1.0,0.30000000000000004,-8.563153624550523,-14.087423125441632,16.48584515009408,-48.56315362455052,-54.08742312544163,72.68995274666405,161.60571470206744,2.0,1.0,8.9,14.876846962049086,-12.962545651883147,19.73190729020851,-65.12315303795091,-212.96254565188315,222.6972629201688,1.9310208813288525,88.0
10_LTAN06_800km_HOT_MY_ALL_HEAT_MY_0p5,6836.5,16.95436263024987,160.78926189496852,161.68066412817208,-10.081636707564396,-38.109499073430754,39.42046826625896,6.8727259226854756,122.67976282153776,122.87212282514335,1.0,5.800000000000001,16.95436263024987,0.7892618949685186,16.972723603973012,16.95436263024987,160.78926189496852,161.68066412817208,161.68066412817208,57.0,1.0,0.1,0.39436321684948794,-0.4333916718899786,0.5859613366660527,0.39436321684948794,-0.4333916718899786,0.5859613366660527,0.5859613366660527,0.0,1.0,0.1,0.39436321684948794,1.8010156536820716,1.8436864515453097,0.39436321684948794,1.8010156536820716,1.8436864515453097,1.8436864515453097,0.0,1.0,0.1,0.0,0.0,0.0,0.0,0.0,0.0,0.0,0.0,1.0,3.2,6.8727259226854756,2.6797628215377642,7.376685596394153,6.8727259226854756,122.67976282153776,122.87212282514335,161.68066412817208,31.0,1.0,0.5,-9.687273490714908,3.6915165802513172,10.366800969738842,-9.687273490714908,-36.30848341974868,37.57857416036527,1.8436864515453097,4.0
10_LTAN06_800km_HOT_MY_ALL_HEAT_MY_0p5,6897.0,16.681541995444906,160.89855226334228,161.76099024111247,-1.9855064365412822,-108.69071950884475,108.70885310387519,14.696035558903624,52.20783275449753,54.236807262874024,1.0,5.800000000000001,16.681541995444906,0.8985522633422818,16.705724752783087,16.681541995444906,160.89855226334228,161.76099024111247,161.76099024111247,57.0,1.0,0.1,0.12154258204452262,-0.32410130351621547,0.3461419567041238,0.12154258204452262,-0.32410130351621547,0.3461419567041238,0.3461419567041238,0.0,1.0,0.1,0.12154258204452262,1.7959192095317178,1.8000273349077451,0.12154258204452262,1.7959192095317178,1.8000273349077451,1.8000273349077451,0.0,1.0,0.1,0.0,0.0,0.0,0.0,0.0,0.0,0.0,0.0,1.0,0.4,14.696035558903624,12.207832754497531,19.105094653268342,14.696035558903624,52.20783275449753,54.236807262874024,161.76099024111247,3.0,1.0,3.3000000000000003,-1.8639638544967596,13.105199700686967,13.237092597914248,-1.8639638544967596,-106.89480029931303,106.91105037497707,1.8000273349077451,32.0
10_LTAN06_800km_HOT_MY_ALL_HEAT_MY_0p5,6957.5,16.418823120010362,161.01015820393835,161.84513831902223,-35.91308210187164,-76.63806468288502,84.6353497328028,-19.494258981861275,84.37209352105333,86.59489764632353,1.0,5.800000000000001,16.418823120010362,1.0101582039383459,16.449868456713286,16.418823120010362,161.01015820393835,161.84513831902223,161.84513831902223,57.0,1.0,0.1,-0.14117629339002136,-0.21249536292015136,0.25511766908215555,-0.14117629339002136,-0.21249536292015136,0.25511766908215555,0.25511766908215555,0.0,1.0,0.1,-0.14117629339002136,1.7931211521864157,1.7986701232393016,-0.14117629339002136,1.7931211521864157,1.7986701232393016,1.7986701232393016,0.0,1.0,0.1,0.0,0.0,0.0,0.0,0.0,0.0,0.0,0.0,1.0,1.2000000000000002,20.505741018138725,4.37209352105333,20.966654870527474,-19.494258981861275,84.37209352105333,86.59489764632353,161.84513831902223,11.0,1.0,1.3,3.9457416047383447,5.1550564693014,6.4918012918641725,-36.054258395261655,-74.8449435306986,83.07632105808344,1.7986701232393016,12.0
10_LTAN06_800km_HOT_MY_ALL_HEAT_MY_0p5,7018.0,16.16625515715679,161.12334302768713,161.93232992279223,-43.32517694258823,-77.16560635818267,88.49633756112497,-27.15892178543144,83.95773666950446,88.24119547701649,1.0,5.800000000000001,16.16625515715679,1.1233430276871275,16.205236973403128,16.16625515715679,161.12334302768713,161.93232992279223,161.93232992279223,57.0,1.0,0.1,-0.3937442562435933,-0.09931053917136978,0.40607526705689506,-0.3937442562435933,-0.09931053917136978,0.40607526705689506,0.40607526705689506,0.0,1.0,0.1,-0.3937442562435933,1.7919191477901961,1.8346685726697243,-0.3937442562435933,1.7919191477901961,1.8346685726697243,1.8346685726697243,0.0,1.0,0.1,0.0,0.0,0.0,0.0,0.0,0.0,0.0,0.0,1.0,1.2000000000000002,12.841078214568562,3.957736669504456,13.437148851516364,-27.15892178543144,83.95773666950446,88.24119547701649,161.93232992279223,11.0,1.0,1.3,-3.718921198831822,4.626312789607525,5.935751419189223,-43.71892119883182,-75.37368721039248,87.13516393787154,1.8346685726697243,12.0
10_LTAN06_800km_HOT_MY_ALL_HEAT_MY_0p5,7078.5,15.923338005885409,161.23767381436497,162.02203600225874,-18.996136729071896,-57.42771393267379,60.487978459877546,-3.0727987231864873,103.80995988169119,103.85542769943008,1.0,5.800000000000001,15.923338005885409,1.2376738143649675,15.971365931580161,15.923338005885409,161.23767381436497,162.02203600225874,162.02203600225874,57.0,1.0,0.1,-0.6366614075149748,0.015020247506470241,0.6368385632592489,-0.6366614075149748,0.015020247506470241,0.6368385632592489,0.6368385632592489,0.0,1.0,0.1,-0.6366614075149748,1.7918459521447119,1.9015913504316162,-0.6366614075149748,1.7918459521447119,1.9015913504316162,1.9015913504316162,0.0,1.0,0.1,0.0,0.0,0.0,0.0,0.0,0.0,0.0,0.0,1.0,1.4000000000000001,-3.0727987231864873,23.809959881691185,24.00742138508341,-3.0727987231864873,103.80995988169119,103.85542769943008,162.02203600225874,13.0,0.0,nan,nan,nan,nan,-19.63279813658687,-55.63586798052907,58.998275980055794,1.9015913504316162,nan
10_LTAN06_800km_HOT_MY_ALL_HEAT_MY_0p5,7139.0,15.690194883907362,161.3559608988487,162.1170204916368,-175.5062153906283,-71.1941439673994,189.39650940815253,-159.81602050672095,90.16181693144931,183.49472374699178,1.0,5.800000000000001,15.690194883907362,1.355960898848707,15.748677577949183,15.690194883907362,161.3559608988487,162.1170204916368,162.1170204916368,57.0,1.0,0.1,-0.8698045294930221,0.13330733199020983,0.8799606606484892,-0.8698045294930221,0.13330733199020983,0.8799606606484892,0.8799606606484892,0.0,1.0,0.1,-0.8698045294930221,1.8230050287887707,2.019878029613601,-0.8698045294930221,1.8230050287887707,2.019878029613601,2.019878029613601,0.0,1.0,0.1,0.0,0.0,0.0,0.0,0.0,0.0,0.0,0.0,1.0,7.9,0.18397949327905394,10.161816931449309,10.163482267522143,-159.81602050672095,90.16181693144931,183.49472374699178,162.1170204916368,78.0,1.0,7.1000000000000005,-16.376019920121337,10.628861061389372,19.522979175487794,-176.37601992012134,-69.37113893861063,189.5279803103042,2.019878029613601,70.0
10_LTAN06_800km_HOT_MY_ALL_HEAT_MY_0p5,7199.5,15.466604630150428,161.47854443207908,162.21755814549894,-85.1409339749829,-31.271573938541607,90.70220490553729,-69.67432934483247,130.20697049353748,147.6765632548277,1.0,5.800000000000001,15.466604630150428,1.478544432079076,15.537115318585451,15.466604630150428,161.47854443207908,162.21755814549894,162.21755814549894,57.0,1.0,0.1,-1.0933947832499555,0.2558908652205787,1.1229391287783828,-1.0933947832499555,0.2558908652205787,1.1229391287783828,1.1229391287783828,0.0,1.0,0.1,-1.0933947832499555,1.8052872717806565,2.1105862421828356,-1.0933947832499555,1.8052872717806565,2.1105862421828356,2.1105862421828356,0.0,1.0,0.1,0.0,0.0,0.0,0.0,0.0,0.0,0.0,0.0,1.0,2.8000000000000003,10.325670655167528,10.206970493537483,14.519012402189503,-69.67432934483247,130.20697049353748,147.6765632548277,162.21755814549894,27.0,1.0,2.1,-6.234328758232863,10.533713333239064,12.240341974495147,-86.23432875823286,-29.466286666760936,91.12969607274415,2.1105862421828356,20.0
10_LTAN06_800km_HOT_MY_ALL_HEAT_MY_0p5,7260.0,15.25202552572023,161.6048296054944,162.32296582572073,-67.95839642277282,53.37360254119906,86.41229711436118,-52.706370897052594,214.97843214669345,221.3451779944351,1.0,5.800000000000001,15.25202552572023,1.6048296054943876,15.336223808352978,15.25202552572023,161.6048296054944,162.32296582572073,162.32296582572073,57.0,1.0,0.1,-1.3079738876801539,0.38217603863589034,1.3626643810419927,-1.3079738876801539,0.38217603863589034,1.3626643810419927,1.3626643810419927,0.0,1.0,0.1,-1.3079738876801539,1.8158060726291296,2.2378443610425545,-1.3079738876801539,1.8158060726291296,2.2378443610425545,2.2378443610425545,0.0,1.0,0.1,0.0,0.0,0.0,0.0,0.0,0.0,0.0,0.0,1.0,9.0,-12.706370897052594,14.97843214669345,19.64192686440322,-52.706370897052594,214.97843214669345,221.3451779944351,162.32296582572073,89.0,1.0,2.5,10.73362968954703,15.189408613828192,18.599165044435825,-69.26637031045297,55.18940861382819,88.56467060362667,2.2378443610425545,24.0
10_LTAN06_800km_HOT_MY_ALL_HEAT_MY_0p5,7320.5,15.045521339261004,161.73023984715437,162.4285633544428,-12.14579595250473,16.473360965481557,20.466850779221794,2.8997253867562733,178.20360081263593,178.2271913875879,1.0,5.800000000000001,15.045521339261004,1.7302398471543654,15.144683631520303,15.045521339261004,161.73023984715437,162.4285633544428,162.4285633544428,57.0,1.0,0.1,-1.5144780741393795,0.5075862802958682,1.5972750761824086,-1.5144780741393795,0.5075862802958682,1.5972750761824086,1.5972750761824086,0.0,1.0,0.1,-1.5144780741393795,1.8268294486551895,2.372962214516436,-1.5144780741393795,1.8268294486551895,2.372962214516436,2.372962214516436,0.0,1.0,0.1,0.0,0.0,0.0,0.0,0.0,0.0,0.0,0.0,1.0,5.800000000000001,2.8997253867562733,18.203600812635926,18.433108524185446,2.8997253867562733,178.20360081263593,178.2271913875879,162.4285633544428,57.0,1.0,0.1,-13.66027402664411,18.30019041413675,22.836375712373236,-13.66027402664411,18.30019041413675,22.836375712373236,2.372962214516436,0.0
10_LTAN06_800km_HOT_MY_ALL_HEAT_MY_0p5,7381.0,14.84729028126992,161.85446592828254,162.5340277284294,-124.52863062793608,-88.99866906103495,153.06254584549598,-109.68134034666616,72.85579686724759,131.6737010849276,1.0,5.800000000000001,14.84729028126992,1.8544659282825364,14.962655933204273,14.84729028126992,161.85446592828254,162.5340277284294,162.5340277284294,57.0,1.0,0.1,-1.7127091321304633,0.6318123614240392,1.8255299042555577,-1.7127091321304633,0.6318123614240392,1.8255299042555577,1.8255299042555577,0.0,1.0,0.1,-1.7127091321304633,1.8366515849513974,2.5113067546175167,-1.7127091321304633,1.8366515849513974,2.5113067546175167,2.5113067546175167,0.0,1.0,0.1,0.0,0.0,0.0,0.0,0.0,0.0,0.0,0.0,1.0,4.9,10.318659653333839,-7.144203132752409,12.550473116315933,-109.68134034666616,72.85579686724759,131.6737010849276,162.5340277284294,48.0,1.0,4.1000000000000005,-6.241339760066552,-7.162017476083548,9.499937701285928,-126.24133976006655,-87.16201747608355,153.40825647571143,2.5113067546175167,40.0
10_LTAN06_800km_HOT_MY_ALL_HEAT_MY_0p5,7441.5,14.657905488815429,161.97683300307756,162.63870579608633,-1.5214023392870892,10.642431326804717,10.75062833622959,13.13650314952834,172.61926432988227,173.11839339823868,1.0,5.800000000000001,14.657905488815429,1.9768330030775587,14.790607223542315,14.657905488815429,161.97683300307756,162.63870579608633,162.63870579608633,57.0,1.0,0.1,-1.902093924584955,0.7541794362190615,2.0461544223148698,-1.902093924584955,0.7541794362190615,2.0461544223148698,2.0461544223148698,0.0,1.0,0.1,-1.902093924584955,1.8174296628798743,2.6307816096093286,-1.902093924584955,1.8174296628798743,2.6307816096093286,2.6307816096093286,0.0,1.0,0.1,0.0,0.0,0.0,0.0,0.0,0.0,0.0,0.0,1.0,5.800000000000001,13.13650314952834,12.61926432988227,18.215749977011846,13.13650314952834,172.61926432988227,173.11839339823868,162.63870579608633,57.0,1.0,0.1,-3.4234962638720443,12.459860989684586,12.921627705169717,-3.4234962638720443,12.459860989684586,12.921627705169717,2.6307816096093286,0.0
10_LTAN06_800km_HOT_MY_ALL_HEAT_MY_0p5,7502.0,14.478482324624418,162.09588951693553,162.7412174242009,-71.05682641476307,-130.91846586677565,148.9587771332991,-56.57834409013865,31.17742365015988,64.5998511255535,1.0,5.800000000000001,14.478482324624418,2.0958895169355287,14.629395178600582,14.478482324624418,162.09588951693553,162.7412174242009,162.7412174242009,57.0,1.0,0.1,-2.081517088775966,0.8732359500770315,2.257267023498396,-2.081517088775966,0.8732359500770315,2.257267023498396,2.257267023498396,0.0,1.0,0.1,-2.081517088775966,1.8206736931462046,2.7654233107755877,-2.081517088775966,1.8206736931462046,2.7654233107755877,2.7654233107755877,0.0,1.0,0.1,0.0,0.0,0.0,0.0,0.0,0.0,0.0,0.0,1.0,0.2,-16.57834409013865,-8.82257634984012,18.7797589499917,-56.57834409013865,31.17742365015988,64.5998511255535,162.7412174242009,1.0,1.0,2.9000000000000004,6.8616564964609665,-9.097792173629443,11.395268856414846,-73.13834350353903,-129.09779217362944,148.37606691965954,2.7654233107755877,28.0
10_LTAN06_800km_HOT_MY_ALL_HEAT_MY_0p5,7562.5,14.30805949789721,162.2116645748018,162.84147104077442,-76.73593212473885,-13.702213740362453,77.94968852047522,-62.42787262684164,148.50945083443935,161.09716405902347,1.0,5.800000000000001,14.30805949789721,2.2116645748018016,14.477984210061834,14.30805949789721,162.2116645748018,162.84147104077442,162.84147104077442,57.0,1.0,0.1,-2.251939915503174,0.9890110079433043,2.459547957830762,-2.251939915503174,0.9890110079433043,2.459547957830762,2.459547957830762,0.0,1.0,0.1,-2.251939915503174,1.794860917854976,2.879715106999241,-2.251939915503174,1.794860917854976,2.879715106999241,2.879715106999241,0.0,1.0,0.1,0.0,0.0,0.0,0.0,0.0,0.0,0.0,0.0,1.0,5.4,17.57212737315836,-11.490549165560651,20.995532394885057,-62.42787262684164,148.50945083443935,161.09716405902347,162.84147104077442,53.0,1.0,2.3000000000000003,1.0121279597579758,-11.907352822507477,11.950290969118727,-78.98787204024202,-11.907352822507477,79.8803416410153,2.879715106999241,22.0
10_LTAN06_800km_HOT_MY_ALL_HEAT_MY_0p5,7623.0,14.14647935495735,162.3213660252886,162.93664028221508,24.63181141706963,-72.97598445482524,77.0209091145838,38.77829077202698,89.34538157046336,97.39791087683332,1.0,5.800000000000001,14.14647935495735,2.3213660252885973,14.335676418069665,14.14647935495735,162.3213660252886,162.93664028221508,162.93664028221508,57.0,1.0,0.1,-2.4135200584430336,1.0987124584301,2.6518386336307076,-2.4135200584430336,1.0987124584301,2.6518386336307076,2.6518386336307076,0.0,1.0,0.1,-2.4135200584430336,1.7887477682050132,3.004113455042149,-2.4135200584430336,1.7887477682050132,3.004113455042149,3.004113455042149,0.0,1.0,0.1,0.0,0.0,0.0,0.0,0.0,0.0,0.0,0.0,1.0,1.6,-1.2217092279730224,9.34538157046336,9.424899476136106,38.77829077202698,89.34538157046336,97.39791087683332,162.93664028221508,15.0,1.0,1.5,22.218291358626594,8.812763313379776,23.902243997467554,22.218291358626594,-71.18723668662022,74.57395750510837,3.004113455042149,14.0
10_LTAN06_800km_HOT_MY_ALL_HEAT_MY_0p5,7683.5,13.994008171600068,162.42188157570595,163.0236175506465,-75.2470447344173,-133.87433773083848,153.5723153570786,-61.25303656281723,28.547543844867477,67.57881878029872,1.0,5.800000000000001,13.994008171600068,2.421881575705953,14.202034187874407,13.994008171600068,162.42188157570595,163.0236175506465,163.0236175506465,57.0,1.0,0.1,-2.5659912418003152,1.1992280088474558,2.8323945470573406,-2.5659912418003152,1.1992280088474558,2.8323945470573406,2.8323945470573406,0.0,1.0,0.1,-2.5659912418003152,1.7477000756682912,3.1046363084082613,-2.5659912418003152,1.7477000756682912,3.1046363084082613,3.1046363084082613,0.0,1.0,0.1,0.0,0.0,0.0,0.0,0.0,0.0,0.0,0.0,1.0,0.2,-21.25303656281723,-11.452456155132523,24.142293079276435,-61.25303656281723,28.547543844867477,67.57881878029872,163.0236175506465,1.0,1.0,2.9000000000000004,2.1869640237823944,-12.126637655170185,12.322262473308623,-77.8130359762176,-132.12663765517019,153.337265352871,3.1046363084082613,28.0
10_LTAN06_800km_HOT_MY_ALL_HEAT_MY_0p5,7744.0,13.850212333211646,162.51394428002854,163.10306700711445,-39.61023157083813,-116.22340027397534,122.78782193825296,-25.760019237626487,46.290544006053196,52.97540047511896,1.0,5.800000000000001,13.850212333211646,2.5139442800285394,14.07651581600135,13.850212333211646,162.51394428002854,163.10306700711445,163.10306700711445,57.0,1.0,0.1,-2.709787080188738,1.2912907131700422,3.001729122668633,-2.709787080188738,1.2912907131700422,3.001729122668633,3.001729122668633,0.0,1.0,0.1,-2.709787080188738,1.7510699221684547,3.226327926959819,-2.709787080188738,1.7510699221684547,3.226327926959819,3.226327926959819,0.0,1.0,0.1,0.0,0.0,0.0,0.0,0.0,0.0,0.0,0.0,1.0,0.2,14.239980762373513,6.290544006053196,15.56753018320053,-25.760019237626487,46.290544006053196,52.97540047511896,163.10306700711445,1.0,1.0,3.1,-2.3200186510268708,5.527669648193111,5.994799269422446,-42.32001865102687,-114.47233035180689,122.04465737915966,3.226327926959819,30.0
10_LTAN06_800km_HOT_MY_ALL_HEAT_MY_0p5,7804.5,13.714397545145466,162.59704300313024,163.17439472352294,-72.95829909509786,-150.52500619058623,167.27429837104614,-59.24390154995239,12.072036812544013,60.46134255591642,1.0,5.800000000000001,13.714397545145466,2.5970430031302385,13.958127825263663,13.714397545145466,162.59704300313024,163.17439472352294,163.17439472352294,57.0,1.0,0.1,-2.845601868254917,1.3743894362717413,3.160125996720895,-2.845601868254917,1.3743894362717413,3.160125996720895,3.160125996720895,0.0,1.0,0.1,-2.845601868254917,1.7212300282356523,3.3256702787131465,-2.845601868254917,1.7212300282356523,3.3256702787131465,3.3256702787131465,0.0,1.0,0.1,0.0,0.0,0.0,0.0,0.0,0.0,0.0,0.0,1.0,0.9,-19.24390154995239,12.072036812544013,22.716994072008685,-59.24390154995239,12.072036812544013,60.46134255591642,163.17439472352294,8.0,1.0,5.5,4.196099036647226,11.196223837649427,11.956700019156667,-75.80390096335277,-148.80377616235057,166.9993868295232,3.3256702787131465,54.0
10_LTAN06_800km_HOT_MY_ALL_HEAT_MY_0p5,7865.0,13.586386465966967,162.67089398186295,163.23728019683833,-28.382163225655997,-120.40730780095886,123.70718233490985,-14.79577675968903,42.263586180904085,44.778630246952176,1.0,5.800000000000001,13.586386465966967,2.670893981862946,13.846428126595034,13.586386465966967,162.67089398186295,163.23728019683833,163.23728019683833,57.0,1.0,0.1,-2.9736129474334163,1.4482404150044488,3.3075329568722225,-2.9736129474334163,1.4482404150044488,3.3075329568722225,3.3075329568722225,0.0,1.0,0.1,-2.9736129474334163,1.7349375962851354,3.442728921095487,-2.9736129474334163,1.7349375962851354,3.442728921095487,3.442728921095487,0.0,1.0,0.1,0.0,0.0,0.0,0.0,0.0,0.0,0.0,0.0,1.0,0.4,-14.79577675968903,2.2635861809040847,14.967926787666151,-14.79577675968903,42.263586180904085,44.778630246952176,163.23728019683833,3.0,1.0,3.1,8.644223826910586,1.3276297953262741,8.745582110023712,-31.355776173089414,-118.67237020467373,122.74492311053852,3.442728921095487,30.0
10_LTAN06_800km_HOT_MY_ALL_HEAT_MY_0p5,7925.5,13.46569272325486,162.73535897479147,163.29152440090502,-12.832238091935256,-92.16696228949972,93.05597923896228,0.6334546313196032,70.56839668529175,70.57123971918472,1.0,5.800000000000001,13.46569272325486,2.735358974791467,13.740708469292661,13.46569272325486,162.73535897479147,163.29152440090502,163.29152440090502,57.0,1.0,0.1,-3.0943066901455243,1.5127054079329696,3.444272280739286,-3.0943066901455243,1.5127054079329696,3.444272280739286,3.444272280739286,0.0,1.0,0.1,-3.0943066901455243,1.7422006511617951,3.5510557587269638,-3.0943066901455243,1.7422006511617951,3.5510557587269638,3.5510557587269638,0.0,1.0,0.1,0.0,0.0,0.0,0.0,0.0,0.0,0.0,0.0,1.0,1.4000000000000001,0.6334546313196032,-9.431603314708255,9.45285173140656,0.6334546313196032,70.56839668529175,70.57123971918472,163.29152440090502,13.0,1.0,1.5,-15.92654478208078,-10.424761638337927,19.034980533527914,-15.92654478208078,-90.42476163833793,91.81662347334417,3.5510557587269638,14.0
10_LTAN06_800km_HOT_MY_ALL_HEAT_MY_0p5,7986.0,13.35151890719515,162.79014876353162,163.33675517648177,9.876790858960305,-52.908866743735864,53.822849959641125,23.228309766155455,109.88128201979575,112.30961896875246,1.0,5.800000000000001,13.35151890719515,2.7901487635316187,13.639940881537083,13.35151890719515,162.79014876353162,163.33675517648177,163.33675517648177,57.0,1.0,0.1,-3.208480506205234,1.5674951966731214,3.5709086169058293,-3.208480506205234,1.5674951966731214,3.5709086169058293,3.5709086169058293,0.0,1.0,0.1,-3.208480506205234,1.7126854038860984,3.636982052661723,-3.208480506205234,1.7126854038860984,3.636982052661723,3.636982052661723,0.0,1.0,0.1,0.0,0.0,0.0,0.0,0.0,0.0,0.0,0.0,1.0,3.4000000000000004,-16.771690233844545,-10.118717980204252,19.58770141856735,23.228309766155455,109.88128201979575,112.30961896875246,163.33675517648177,33.0,1.0,0.5,6.668310352755071,-11.196181339849772,13.031532509857032,6.668310352755071,-51.19618133984977,51.62862913871956,3.636982052661723,4.0
10_LTAN06_800km_HOT_MY_ALL_HEAT_MY_0p5,8046.5,13.244132409196606,162.83579085494574,163.37350405322144,36.51791832665181,103.34622299103958,109.6083945937796,49.76205073584842,266.18201384598535,270.7935120872387,1.0,5.800000000000001,13.244132409196606,2.835790854945742,13.544325492446118,13.244132409196606,162.83579085494574,163.37350405322144,163.37350405322144,57.0,1.0,0.1,-3.3158670042037777,1.6131372880872448,3.687436223148111,-3.3158670042037777,1.6131372880872448,3.687436223148111,3.687436223148111,0.0,1.0,0.1,-3.3158670042037777,1.7267146281105283,3.7385180749192877,-3.3158670042037777,1.7267146281105283,3.7385180749192877,3.7385180749192877,0.0,1.0,0.1,0.0,0.0,0.0,0.0,0.0,0.0,0.0,0.0,1.0,18.6,9.762050735848419,-13.817986154014648,16.918462575595314,49.76205073584842,266.18201384598535,270.7935120872387,163.37350405322144,185.0,1.0,3.4000000000000004,-6.797948677551965,-14.927062380849861,16.402112593943915,33.202051322448035,105.07293761915014,110.19391286244576,3.7385180749192877,33.0
10_LTAN06_800km_HOT_MY_ALL_HEAT_MY_0p5,8107.0,13.143908841635902,162.87204696206845,163.4015484053057,-52.74564647250445,-128.35098682601895,138.7662748689872,-39.60173763086854,34.5210601360495,52.535713722199446,1.0,5.800000000000001,13.143908841635902,2.8720469620684526,13.454032606975542,13.143908841635902,162.87204696206845,163.4015484053057,163.4015484053057,57.0,1.0,0.1,-3.4160905717644816,1.6493933952099553,3.7934381986082766,-3.4160905717644816,1.6493933952099553,3.7934381986082766,3.7934381986082766,0.0,1.0,0.1,-3.4160905717644816,1.7614487402323107,3.843484936742198,-3.4160905717644816,1.7614487402323107,3.843484936742198,3.843484936742198,0.0,1.0,0.1,0.0,0.0,0.0,0.0,0.0,0.0,0.0,0.0,1.0,0.2,0.3982623691314586,-5.478939863950501,5.493395575366127,-39.60173763086854,34.5210601360495,52.535713722199446,163.4015484053057,1.0,1.0,2.9000000000000004,23.838262955731075,-6.589538085786643,24.73226218789161,-56.161737044268925,-126.58953808578664,138.4884538891327,3.843484936742198,28.0
10_LTAN06_800km_HOT_MY_ALL_HEAT_MY_0p5,8167.5,13.05345527201519,162.8958448113763,163.41801905344005,-110.55274700658964,-56.33527062479138,124.07889662255825,-97.49929173457446,106.56057418658492,144.43430291907225,1.0,5.800000000000001,13.05345527201519,2.8958448113762927,13.370811931594735,13.05345527201519,162.8958448113763,163.41801905344005,163.41801905344005,57.0,1.0,0.1,-3.506544141385193,1.6731912445177954,3.8852825838301426,-3.506544141385193,1.6731912445177954,3.8852825838301426,3.8852825838301426,0.0,1.0,0.1,-3.506544141385193,1.7581815480108673,3.9226335759599964,-3.506544141385193,1.7581815480108673,3.9226335759599964,3.9226335759599964,0.0,1.0,0.1,0.0,0.0,0.0,0.0,0.0,0.0,0.0,0.0,1.0,2.8000000000000003,-17.499291734574456,-13.439425813415085,22.064527581755147,-97.49929173457446,106.56057418658492,144.43430291907225,163.41801905344005,27.0,1.0,4.3,5.940708852025153,-14.57708907678051,15.741141877796657,-114.05929114797485,-54.57708907678051,126.44437729402335,3.9226335759599964,42.0
10_LTAN06_800km_HOT_MY_ALL_HEAT_MY_0p5,8228.0,12.971701001813814,162.907566390411,163.42319362356932,-72.25169535732624,-17.38651249209719,74.3141863889105,-59.27999435551243,145.52105389831382,157.13209366156087,1.0,5.800000000000001,12.971701001813814,2.907566390411006,13.29356871555209,12.971701001813814,162.907566390411,163.42319362356932,163.42319362356932,57.0,1.0,0.1,-3.5882984115865693,1.6849128235525086,3.9641918108949246,-3.5882984115865693,1.6849128235525086,3.9641918108949246,3.9641918108949246,0.0,1.0,0.1,-3.5882984115865693,1.768357498582958,4.000371699403603,-3.5882984115865693,1.768357498582958,4.000371699403603,4.000371699403603,0.0,1.0,0.1,0.0,0.0,0.0,0.0,0.0,0.0,0.0,0.0,1.0,5.6000000000000005,-19.27999435551243,-14.478946101686176,24.111367911508555,-59.27999435551243,145.52105389831382,157.13209366156087,163.42319362356932,55.0,1.0,2.1,4.160006231087181,24.381845006485776,24.73418722665007,-75.83999376891282,-15.618154993514224,77.43146272846825,4.000371699403603,20.0
10_LTAN06_800km_HOT_MY_ALL_HEAT_MY_0p5,8288.5,12.89845367556648,162.90717531917633,163.41700608472053,-125.71520557609458,-95.92322329841384,158.13152020074014,-112.81675190052809,66.98395202076249,131.20392272224606,1.0,5.800000000000001,12.89845367556648,2.907175319176332,13.222018588595406,12.89845367556648,162.90717531917633,163.41700608472053,163.41700608472053,57.0,1.0,0.1,-3.6615457378339045,1.6845217523178349,4.030450436896797,-3.6615457378339045,1.6845217523178349,4.030450436896797,4.030450436896797,0.0,1.0,0.1,-3.6615457378339045,1.7950078354134291,4.077863450318713,-3.6615457378339045,1.7950078354134291,4.077863450318713,4.077863450318713,0.0,1.0,0.1,0.0,0.0,0.0,0.0,0.0,0.0,0.0,0.0,1.0,4.9,7.183248099471911,-13.016047979237513,14.866625651316433,-112.81675190052809,66.98395202076249,131.20392272224606,163.41700608472053,48.0,1.0,4.1000000000000005,-9.37675131392848,-14.128215463000416,16.956707739777304,-129.37675131392848,-94.12821546300042,159.99520219930073,4.077863450318713,40.0
10_LTAN06_800km_HOT_MY_ALL_HEAT_MY_0p5,8349.0,12.833810402456963,162.89487350384687,163.39965270244758,10.633853463129714,-60.73362896983105,61.65754233928253,23.46766386558668,102.16124453401582,104.82199736718978,1.0,5.800000000000001,12.833810402456963,2.894873503846867,13.15625258382824,12.833810402456963,162.89487350384687,163.39965270244758,163.39965270244758,57.0,1.0,0.1,-3.72618901094342,1.6722199369883697,4.084214007974715,-3.72618901094342,1.6722199369883697,4.084214007974715,4.084214007974715,0.0,1.0,0.1,-3.72618901094342,1.8113069758335882,4.143104814746898,-3.72618901094342,1.8113069758335882,4.143104814746898,4.143104814746898,0.0,1.0,0.1,0.0,0.0,0.0,0.0,0.0,0.0,0.0,0.0,1.0,3.4000000000000004,-16.53233613441332,-17.83875546598418,24.32158166395452,23.46766386558668,102.16124453401582,104.82199736718978,163.39965270244758,33.0,1.0,0.5,6.907664452186296,-18.922321993997457,20.143735945164643,6.907664452186296,-58.92232199399746,59.32584476725397,4.143104814746898,4.0
10_LTAN06_800km_HOT_MY_ALL_HEAT_MY_0p5,8409.5,12.777367571810922,162.87221618217538,163.37264130250952,-95.291277359471,-67.97842101120688,117.05337784095136,-82.51390978766007,94.8937951709685,125.75125315636353,1.0,5.800000000000001,12.777367571810922,2.8722161821753787,13.096211202569828,12.777367571810922,162.87221618217538,163.37264130250952,163.37264130250952,57.0,1.0,0.1,-3.7826318415894615,1.6495626153168814,4.126664569704879,-3.7826318415894615,1.6495626153168814,4.126664569704879,4.126664569704879,0.0,1.0,0.1,-3.7826318415894615,1.8172508692073848,4.1965109758752535,-3.7826318415894615,1.8172508692073848,4.1965109758752535,4.1965109758752535,0.0,1.0,0.1,0.0,0.0,0.0,0.0,0.0,0.0,0.0,0.0,1.0,1.0,-2.5139097876600687,14.893795170968502,15.10446546605532,-82.51390978766007,94.8937951709685,125.75125315636353,163.37264130250952,9.0,1.0,1.1,-19.073909201060445,13.838829858000508,23.565381899069337,-99.07390920106045,-66.16117014199949,119.1341257530292,4.1965109758752535,10.0
10_LTAN06_800km_HOT_MY_ALL_HEAT_MY_0p5,8470.0,12.72933417454242,162.84221559787113,163.3389822710755,-21.434718703493626,-122.24582256763591,124.1107904299051,-8.705384528951207,40.59639303023522,41.51928283174257,1.0,5.800000000000001,12.72933417454242,2.8422155978711316,13.042781069693515,12.72933417454242,162.84221559787113,163.3389822710755,163.3389822710755,57.0,1.0,0.1,-3.8306652388579643,1.6195620310126344,4.158963494008154,-3.8306652388579643,1.6195620310126344,4.158963494008154,4.158963494008154,0.0,1.0,0.1,-3.8306652388579643,1.8158470372385125,4.239256613469233,-3.8306652388579643,1.8158470372385125,4.239256613469233,4.239256613469233,0.0,1.0,0.1,0.0,0.0,0.0,0.0,0.0,0.0,0.0,0.0,1.0,0.4,-8.705384528951207,0.5963930302352196,8.725789617187443,-8.705384528951207,40.59639303023522,41.51928283174257,163.3389822710755,3.0,1.0,3.1,14.73461605764841,-0.42997553039739955,14.740888349182043,-25.26538394235159,-120.4299755303974,123.05169089454462,4.239256613469233,30.0
10_LTAN06_800km_HOT_MY_ALL_HEAT_MY_0p5,8530.5,12.69028342921297,162.80599952356826,163.29983703109403,9.811541109415387,-123.1878254063015,123.57793762348993,22.501824538628355,39.61817411726676,45.56239488825498,1.0,5.800000000000001,12.69028342921297,2.8059995235682607,12.996804485719657,12.69028342921297,162.80599952356826,163.29983703109403,163.29983703109403,57.0,1.0,0.1,-3.8697159841874136,1.5833459567097634,4.181110643944348,-3.8697159841874136,1.5833459567097634,4.181110643944348,4.181110643944348,0.0,1.0,0.1,-3.8697159841874136,1.8082319132171278,4.271346912889707,-3.8697159841874136,1.8082319132171278,4.271346912889707,4.271346912889707,0.0,1.0,0.1,0.0,0.0,0.0,0.0,0.0,0.0,0.0,0.0,1.0,0.4,22.501824538628355,-0.3818258827332386,22.50506384287639,22.501824538628355,39.61817411726676,45.56239488825498,163.29983703109403,3.0,1.0,3.3000000000000003,5.941825125227972,-1.3795934930843714,6.0998822959915495,5.941825125227972,-121.37959349308437,121.5249398369125,4.271346912889707,32.0
10_LTAN06_800km_HOT_MY_ALL_HEAT_MY_0p5,8591.0,12.66012095363533,162.7632641897865,163.25488915274457,-22.03801165717274,-43.766333708078385,49.001693073286354,-9.377890703537409,118.99693048170812,119.36588414666885,1.0,5.800000000000001,12.66012095363533,2.763264189786497,12.958174699518167,12.66012095363533,162.7632641897865,163.25488915274457,163.25488915274457,57.0,1.0,0.1,-3.8998784597650538,1.5406106229279999,4.193153120554751,-3.8998784597650538,1.5406106229279999,4.193153120554751,4.193153120554751,0.0,1.0,0.1,-3.8998784597650538,1.8210780234311414,4.304111658445134,-3.8998784597650538,1.8210780234311414,4.304111658445134,4.304111658445134,0.0,1.0,0.1,0.0,0.0,0.0,0.0,0.0,0.0,0.0,0.0,1.0,3.2,-9.377890703537409,-1.0030695182918805,9.431382852266134,-9.377890703537409,118.99693048170812,119.36588414666885,163.25488915274457,31.0,1.0,0.30000000000000004,14.062109883062206,-1.9452556846472362,14.196018950465238,-25.937890116937794,-41.945255684647236,49.31712297132478,4.304111658445134,2.0
10_LTAN06_800km_HOT_MY_ALL_HEAT_MY_0p5,8651.5,12.64243944708628,162.716863592958,163.20725772067414,-67.74771076643887,-122.4366648173494,139.93030124204344,-55.10527131935259,40.280198775608596,68.25749292628615,1.0,5.800000000000001,12.64243944708628,2.716863592957992,12.931071995622942,12.64243944708628,162.716863592958,163.20725772067414,163.20725772067414,57.0,1.0,0.1,-3.917559966314103,1.4942100260994948,4.1928438668478,-3.917559966314103,1.4942100260994948,4.1928438668478,4.1928438668478,0.0,1.0,0.1,-3.917559966314103,1.8588542834951056,4.336198258490386,-3.917559966314103,1.8588542834951056,4.336198258490386,4.336198258490386,0.0,1.0,0.1,0.0,0.0,0.0,0.0,0.0,0.0,0.0,0.0,1.0,0.2,-15.105271319352589,0.2801987756085964,15.107869902309474,-55.10527131935259,40.280198775608596,68.25749292628615,163.20725772067414,1.0,1.0,2.9000000000000004,8.334729267247027,-0.57781053385429,8.354733806132733,-71.66527073275297,-120.57781053385429,140.2673141624122,4.336198258490386,28.0
10_LTAN06_800km_HOT_MY_ALL_HEAT_MY_0p5,8712.0,12.636843733719653,162.66822563983342,163.15833246378259,21.327907444968595,-134.99137975135613,136.66584153751072,33.964751178688246,27.67684588847729,43.81337833316128,1.0,5.800000000000001,12.636843733719653,2.668225639833423,12.915465443239517,12.636843733719653,162.66822563983342,163.15833246378259,163.15833246378259,57.0,1.0,0.1,-3.9231556796807308,1.445572072974926,4.181008144595775,-3.9231556796807308,1.445572072974926,4.181008144595775,4.181008144595775,0.0,1.0,0.1,-3.9231556796807308,1.8960199755056237,4.3572975838847094,-3.9231556796807308,1.8960199755056237,4.3572975838847094,4.3572975838847094,0.0,1.0,0.1,0.0,0.0,0.0,0.0,0.0,0.0,0.0,0.0,1.0,0.6000000000000001,-6.035248821311754,-12.323154111522712,13.721674664248676,33.964751178688246,27.67684588847729,43.81337833316128,163.15833246378259,5.0,1.0,3.3000000000000003,17.404751765287862,-13.095359775850511,21.781042942665866,17.404751765287862,-133.0953597758505,134.22853712185938,4.3572975838847094,32.0
10_LTAN06_800km_HOT_MY_ALL_HEAT_MY_0p5,8772.5,12.64323674935686,162.61819070163835,163.10894329427404,1.0559551332820298,-53.46996467223924,53.480390455698966,13.699191882638889,109.14822602939911,110.0045594673337,1.0,5.800000000000001,12.64323674935686,2.6181907016383548,12.9114816365293,12.64323674935686,162.61819070163835,163.10894329427404,163.10894329427404,57.0,1.0,0.1,-3.9167626640435245,1.3955371347798575,4.15795065639251,-3.9167626640435245,1.3955371347798575,4.15795065639251,4.15795065639251,0.0,1.0,0.1,-3.9167626640435245,1.9048237215237407,4.355385537070728,-3.9167626640435245,1.9048237215237407,4.355385537070728,4.355385537070728,0.0,1.0,0.1,0.0,0.0,0.0,0.0,0.0,0.0,0.0,0.0,1.0,3.2,13.699191882638889,-10.851773970600888,17.476523010781353,13.699191882638889,109.14822602939911,110.0045594673337,163.10894329427404,31.0,1.0,0.5,-2.8608075307614946,-11.565140950715502,11.91371918999178,-2.8608075307614946,-51.5651409507155,51.64443804511013,4.355385537070728,4.0
10_LTAN06_800km_HOT_MY_ALL_HEAT_MY_0p5,8833.0,12.666390660946147,162.5717227961181,163.06441213604387,-25.70585551808353,22.737206807016797,34.31867685825951,-13.039464857137384,185.3089296031349,185.76713120038252,1.0,5.800000000000001,12.666390660946147,2.5717227961181095,12.924829225787756,12.666390660946147,162.5717227961181,163.06441213604387,163.06441213604387,57.0,1.0,0.1,-3.893608752454236,1.3490692292596123,4.120701020763743,-3.893608752454236,1.3490692292596123,4.120701020763743,4.120701020763743,0.0,1.0,0.1,-3.893608752454236,1.915557697822635,4.33930298675672,-3.893608752454236,1.915557697822635,4.33930298675672,4.33930298675672,0.0,1.0,0.1,0.0,0.0,0.0,0.0,0.0,0.0,0.0,0.0,1.0,9.200000000000001,-13.039464857137384,-14.691070396865086,19.643197121806992,-13.039464857137384,185.3089296031349,185.76713120038252,163.06441213604387,91.0,1.0,0.2,10.400535729462234,-15.347235495160561,18.53938458535603,-29.599464270537766,24.65276450483944,38.52125494884497,4.33930298675672,1.0
10_LTAN06_800km_HOT_MY_ALL_HEAT_MY_0p5,8893.5,12.7054200437825,162.52803248442922,163.02389101523934,-122.0286687784137,-47.4156576755745,130.91692249911418,-109.3232487346312,115.11237480885472,158.75273713554768,1.0,5.800000000000001,12.7054200437825,2.528032484429218,12.954483653595748,12.7054200437825,162.52803248442922,163.02389101523934,163.02389101523934,57.0,1.0,0.1,-3.854579369617884,1.3053789175707209,4.069618684240811,-3.854579369617884,1.3053789175707209,4.069618684240811,4.069618684240811,0.0,1.0,0.1,-3.854579369617884,1.8752049824680057,4.2865109171628895,-3.854579369617884,1.8752049824680057,4.2865109171628895,4.2865109171628895,0.0,1.0,0.1,0.0,0.0,0.0,0.0,0.0,0.0,0.0,0.0,1.0,2.6,10.676751265368793,-4.8876251911452755,11.742312276194669,-109.3232487346312,115.11237480885472,158.75273713554768,163.02389101523934,25.0,1.0,4.3,-5.8832481480315835,-5.540452693106488,8.081412303296249,-125.88324814803158,-45.54045269310649,133.86756513731012,4.2865109171628895,42.0
10_LTAN06_800km_HOT_MY_ALL_HEAT_MY_0p5,8954.0,12.760534538420222,162.48684509897384,162.98713468223232,20.880551995500177,-36.09674472541103,41.70098837447711,33.6410865339204,126.39010037356282,130.79059666360578,1.0,5.800000000000001,12.760534538420222,2.486845098973845,13.000601534256237,12.760534538420222,162.48684509897384,162.98713468223232,162.98713468223232,57.0,1.0,0.1,-3.7994648749801616,1.2641915321153476,4.004261925259156,-3.7994648749801616,1.2641915321153476,4.004261925259156,4.004261925259156,0.0,1.0,0.1,-3.7994648749801616,1.8609358314696465,4.23072281118199,-3.7994648749801616,1.8609358314696465,4.23072281118199,4.23072281118199,0.0,1.0,0.1,0.0,0.0,0.0,0.0,0.0,0.0,0.0,0.0,1.0,3.4000000000000004,-6.358913466079599,6.390100373562817,9.014941112025975,33.6410865339204,126.39010037356282,130.79059666360578,162.98713468223232,33.0,1.0,0.5,17.081087120520017,5.764191106058618,18.02746339133601,17.081087120520017,-34.23580889394138,38.2603469383286,4.23072281118199,4.0
10_LTAN06_800km_HOT_MY_ALL_HEAT_MY_0p5,9014.5,12.834140401263294,162.44853717334036,162.9547249686166,-134.85604277432614,-134.37420625034144,190.374839666801,-122.02190237306284,28.07433092299891,125.20987467254862,1.0,5.800000000000001,12.834140401263294,2.4485371733403554,13.06562260776609,12.834140401263294,162.44853717334036,162.9547249686166,162.9547249686166,57.0,1.0,0.1,-3.7258590121370894,1.2258836064818581,3.922348275582388,-3.7258590121370894,1.2258836064818581,3.922348275582388,3.922348275582388,0.0,1.0,0.1,-3.7258590121370894,1.8512246753545298,4.160415625507222,-3.7258590121370894,1.8512246753545298,4.160415625507222,4.160415625507222,0.0,1.0,0.1,0.0,0.0,0.0,0.0,0.0,0.0,0.0,0.0,1.0,4.7,-2.0219023730628436,-11.92566907700109,12.09585351020494,-122.02190237306284,28.07433092299891,125.20987467254862,162.9547249686166,46.0,1.0,2.7,-18.58190178646322,-12.522981574986915,22.4078589233605,-138.58190178646322,-132.52298157498691,191.74797038893854,4.160415625507222,26.0
10_LTAN06_800km_HOT_MY_ALL_HEAT_MY_0p5,9075.0,12.92564170681062,162.41294863490023,162.92648065251882,-41.09997573055414,-45.24423658136105,61.12486358988713,-28.174334023743523,117.16871205353918,120.50850667885089,1.0,5.800000000000001,12.92564170681062,2.412948634900232,13.14893663561845,12.92564170681062,162.41294863490023,162.92648065251882,162.92648065251882,57.0,1.0,0.1,-3.634357706589764,1.1902950680417348,3.8243114790054547,-3.634357706589764,1.1902950680417348,3.8243114790054547,3.8243114790054547,0.0,1.0,0.1,-3.634357706589764,1.8711316671026168,4.0877487269990835,-3.634357706589764,1.8711316671026168,4.0877487269990835,4.0877487269990835,0.0,1.0,0.1,0.0,0.0,0.0,0.0,0.0,0.0,0.0,0.0,1.0,3.0,11.825665976256477,-2.8312879464608187,12.15987529614364,-28.174334023743523,117.16871205353918,120.50850667885089,162.92648065251882,29.0,1.0,0.30000000000000004,-4.734333437143903,-3.373104914258434,5.81306716429917,-44.7343334371439,-43.373104914258434,62.30880209062633,4.0877487269990835,2.0
10_LTAN06_800km_HOT_MY_ALL_HEAT_MY_0p5,9135.5,13.03803549226624,162.3774801454599,162.90008111688226,-138.24171279784585,-132.4219782368128,191.4323678938152,-125.20367730557962,29.955501908647108,128.73730191921328,1.0,5.800000000000001,13.03803549226624,2.377480145459913,13.25302913826308,13.03803549226624,162.3774801454599,162.90008111688226,162.90008111688226,57.0,1.0,0.1,-3.5219639211341445,1.1548265786014156,3.706461154310787,-3.5219639211341445,1.1548265786014156,3.706461154310787,3.706461154310787,0.0,1.0,0.1,-3.5219639211341445,1.8928656077524693,3.9983959372206654,-3.5219639211341445,1.8928656077524693,3.9983959372206654,3.9983959372206654,0.0,1.0,0.1,0.0,0.0,0.0,0.0,0.0,0.0,0.0,0.0,1.0,4.7,-5.2036773055796175,-10.044498091352892,11.31239140976815,-125.20367730557962,29.955501908647108,128.73730191921328,162.90008111688226,46.0,1.0,2.7,-21.763676718980008,-10.529112629060336,24.17684506058866,-141.76367671898,-130.52911262906034,192.70389015433338,3.9983959372206654,26.0
10_LTAN06_800km_HOT_MY_ALL_HEAT_MY_0p5,9196.0,13.17413251752867,162.34019084565378,162.8738632543377,-165.4896404737447,-19.068632379096506,166.58461467055838,-152.31550795621604,143.27155846655728,209.1094293172746,1.0,5.800000000000001,13.17413251752867,2.3401908456537797,13.380368484592944,13.17413251752867,162.34019084565378,162.8738632543377,162.8738632543377,57.0,1.0,0.1,-3.385866895871713,1.1175372787952824,3.565527198894592,-3.385866895871713,1.1175372787952824,3.565527198894592,3.565527198894592,0.0,1.0,0.1,-3.385866895871713,1.8858986107800035,3.8756558421384497,-3.385866895871713,1.8858986107800035,3.8756558421384497,3.8756558421384497,0.0,1.0,0.1,0.0,0.0,0.0,0.0,0.0,0.0,0.0,0.0,1.0,5.0,7.684492043783962,-16.72844153344272,18.409024257379595,-152.31550795621604,143.27155846655728,209.1094293172746,162.8738632543377,49.0,1.0,7.300000000000001,-8.875507369616429,22.817266231683504,24.482693261886855,-168.87550736961643,-17.182733768316496,169.74741037523435,3.8756558421384497,72.0
10_LTAN06_800km_HOT_MY_ALL_HEAT_MY_0p5,9256.5,13.332327301002437,162.3017155626715,162.84838907968165,-152.81268025689204,-23.96521908461134,154.68046732884065,-139.4803529558896,138.33649647806016,196.4478432524111,1.0,5.800000000000001,13.332327301002437,2.3017155626714896,13.529554530452918,13.332327301002437,162.3017155626715,162.84838907968165,162.84838907968165,57.0,1.0,0.1,-3.227672112397947,1.0790619958129923,3.4032693187520944,-3.227672112397947,1.0790619958129923,3.4032693187520944,3.4032693187520944,0.0,1.0,0.1,-3.227672112397947,1.9028857602042706,3.7468442029979854,-3.227672112397947,1.9028857602042706,3.7468442029979854,3.7468442029979854,0.0,1.0,0.1,0.0,0.0,0.0,0.0,0.0,0.0,0.0,0.0,0.0,nan,nan,nan,nan,-139.4803529558896,138.33649647806016,196.4478432524111,162.84838907968165,nan,1.0,7.300000000000001,3.959647630710009,17.937666675592936,18.369504487711822,-156.04035236929,-22.062333324407064,157.59231618086406,3.7468442029979854,72.0
10_LTAN06_800km_HOT_MY_ALL_HEAT_MY_0p5,9317.0,13.514659244709074,162.2580034090759,162.8198565433599,-87.34970695263183,-142.3594146244709,167.02147837009667,-73.83504770792275,19.89858878460501,76.46939326063755,1.0,5.800000000000001,13.514659244709074,2.2580034090759113,13.701992333087874,13.514659244709074,162.2580034090759,162.8198565433599,162.8198565433599,57.0,1.0,0.1,-3.0453401686913093,1.035349842217414,3.2165270150932104,-3.0453401686913093,1.035349842217414,3.2165270150932104,3.2165270150932104,0.0,1.0,0.1,-3.0453401686913093,1.8895195507161588,3.583905812878375,-3.0453401686913093,1.8895195507161588,3.583905812878375,3.583905812878375,0.0,1.0,0.1,0.0,0.0,0.0,0.0,0.0,0.0,0.0,0.0,1.0,2.3000000000000003,6.1649522920772455,19.89858878460501,20.83171794121639,-73.83504770792275,19.89858878460501,76.46939326063755,162.8198565433599,22.0,1.0,2.9000000000000004,-10.395047121323131,-20.469895073754742,22.95808373939465,-90.39504712132313,-140.46989507375474,167.04207842965167,3.583905812878375,28.0
10_LTAN06_800km_HOT_MY_ALL_HEAT_MY_0p5,9377.5,13.721364256011412,162.20710260873034,162.7864244148305,-10.14347477911654,-150.26459296073253,150.60656684968689,3.577889476894873,11.94250964799781,12.466949498630202,1.0,5.800000000000001,13.721364256011412,2.207102608730338,13.897738627978722,13.721364256011412,162.20710260873034,162.7864244148305,162.7864244148305,57.0,1.0,0.1,-2.838635157388971,0.9844490418718408,3.0044948781462577,-2.838635157388971,0.9844490418718408,3.0044948781462577,3.0044948781462577,0.0,1.0,0.1,-2.838635157388971,1.8940575415045657,3.412521579022619,-2.838635157388971,1.8940575415045657,3.412521579022619,3.412521579022619,0.0,1.0,0.1,0.0,0.0,0.0,0.0,0.0,0.0,0.0,0.0,1.0,0.1,3.577889476894873,11.94250964799781,12.466949498630202,3.577889476894873,11.94250964799781,12.466949498630202,162.7864244148305,0.0,1.0,5.9,-12.98210993650551,11.629464580772037,17.429274937269952,-12.98210993650551,-148.37053541922796,148.93740617787023,3.412521579022619,58.0
10_LTAN06_800km_HOT_MY_ALL_HEAT_MY_0p5,9438.0,13.9516049070911,162.14911684516005,162.74822079872004,-140.01293935332845,-57.06362034001165,151.19484102530689,-126.06133444623735,105.0854965051484,164.1170972753895,1.0,5.800000000000001,13.9516049070911,2.1491168451600515,14.116160338339855,13.9516049070911,162.14911684516005,162.74822079872004,162.74822079872004,57.0,1.0,0.1,-2.608394506309283,0.9264632783015543,2.7680419264501235,-2.608394506309283,0.9264632783015543,2.7680419264501235,2.7680419264501235,0.0,1.0,0.1,-2.608394506309283,1.86644136331347,3.207386048362731,-2.608394506309283,1.86644136331347,3.207386048362731,3.207386048362731,0.0,1.0,0.1,0.0,0.0,0.0,0.0,0.0,0.0,0.0,0.0,1.0,2.6,-6.061334446237353,-14.914503494851601,16.099136305003572,-126.06133444623735,105.0854965051484,164.1170972753895,162.74822079872004,25.0,1.0,7.300000000000001,17.37866614036227,-15.197178976698183,23.08619253293993,-142.62133385963773,-55.19717897669818,152.92996252823676,3.207386048362731,72.0
10_LTAN06_800km_HOT_MY_ALL_HEAT_MY_0p5,9498.5,14.204692684498918,162.08183421984307,162.7030862593877,-60.22545297565902,9.350405482622303,60.946987364534834,-46.0207602911601,171.43223970246538,177.50189629178604,1.0,5.800000000000001,14.204692684498918,2.081834219843074,14.356438554877274,14.204692684498918,162.08183421984307,162.7030862593877,162.7030862593877,57.0,1.0,0.1,-2.355306728901466,0.8591806529845769,2.5071220914968477,-2.355306728901466,0.8591806529845769,2.5071220914968477,2.5071220914968477,0.0,1.0,0.1,-2.355306728901466,1.8813881178973872,3.0144802267346185,-2.355306728901466,1.8813881178973872,3.0144802267346185,3.0144802267346185,0.0,1.0,0.1,0.0,0.0,0.0,0.0,0.0,0.0,0.0,0.0,1.0,5.6000000000000005,-6.0207602911601015,11.432239702465381,12.920745299642586,-46.0207602911601,171.43223970246538,177.50189629178604,162.7030862593877,55.0,1.0,2.3000000000000003,17.419240295439515,11.231793600519694,20.72638704538104,-62.580759704560485,11.231793600519694,63.5806941821542,3.0144802267346185,22.0
10_LTAN06_800km_HOT_MY_ALL_HEAT_MY_0p5,9559.0,14.479523182889434,162.00587683164264,162.65165452461034,12.681919822736198,-86.66944474502054,87.59237262913067,27.16144300562563,75.3364320866221,80.08321912666894,1.0,5.800000000000001,14.479523182889434,2.005876831642638,14.617801936938168,14.479523182889434,162.00587683164264,162.65165452461034,162.65165452461034,57.0,1.0,0.1,-2.08047623051095,0.7832232647841408,2.223020474089292,-2.08047623051095,0.7832232647841408,2.223020474089292,2.223020474089292,0.0,1.0,0.1,-2.08047623051095,1.8912343748316118,2.8116096468510294,-2.08047623051095,1.8912343748316118,2.8116096468510294,2.8116096468510294,0.0,1.0,0.1,0.0,0.0,0.0,0.0,0.0,0.0,0.0,0.0,1.0,1.6,-12.838556994374368,-4.6635679133779036,13.659334221713989,27.16144300562563,75.3364320866221,80.08321912666894,162.65165452461034,15.0,1.0,1.5,10.601443592225248,-4.77821037018893,11.628495198473223,10.601443592225248,-84.77821037018893,85.43848992000703,2.8116096468510294,14.0
10_LTAN06_800km_HOT_MY_ALL_HEAT_MY_0p5,9619.5,14.775098908367362,161.92129015333643,162.59399666861322,-37.723644718176075,31.59347637742329,49.205905341066305,-22.948545809808714,193.51476653075972,194.87072797174883,1.0,5.800000000000001,14.775098908367362,1.9212901533364288,14.8994934009632,14.775098908367362,161.92129015333643,162.59399666861322,162.59399666861322,57.0,1.0,0.1,-1.784900505033022,0.6986365864779316,1.9167584336145944,-1.784900505033022,0.6986365864779316,1.9167584336145944,1.9167584336145944,0.0,1.0,0.1,-1.784900505033022,1.9460198480330178,2.6406179318117164,-1.784900505033022,1.9460198480330178,2.6406179318117164,2.6406179318117164,0.0,1.0,0.1,0.0,0.0,0.0,0.0,0.0,0.0,0.0,0.0,1.0,9.0,17.051454190191286,-6.485233469240285,18.243090285111958,-22.948545809808714,193.51476653075972,194.87072797174883,162.59399666861322,89.0,1.0,0.2,0.49145477679090277,-6.460503774543696,6.479169454376382,-39.5085452232091,33.539496225456304,51.82492597883528,2.6406179318117164,1.0
10_LTAN06_800km_HOT_MY_ALL_HEAT_MY_0p5,9680.0,15.090407876474885,161.8261569688624,162.52822982235816,-26.393724338934017,-52.53565913183978,58.79306221737816,-11.303316462459133,109.29049783702261,109.87346304051195,1.0,5.800000000000001,15.090407876474885,1.8261569688623922,15.200501937544692,15.090407876474885,161.8261569688624,162.52822982235816,162.52822982235816,57.0,1.0,0.1,-1.469591536925499,0.603503402003895,1.5886836191115352,-1.469591536925499,0.603503402003895,1.5886836191115352,1.5886836191115352,0.0,1.0,0.1,-1.469591536925499,1.967110097609293,2.4554472956102096,-1.469591536925499,1.967110097609293,2.4554472956102096,2.4554472956102096,0.0,1.0,0.1,0.0,0.0,0.0,0.0,0.0,0.0,0.0,0.0,1.0,3.2,-11.303316462459133,-10.709502162977387,15.57107573770409,-11.303316462459133,109.29049783702261,109.87346304051195,162.52822982235816,31.0,1.0,0.30000000000000004,12.136684124140483,-10.568549034230486,16.093269718055986,-27.863315875859517,-50.568549034230486,57.736838526414815,2.4554472956102096,2.0
10_LTAN06_800km_HOT_MY_ALL_HEAT_MY_0p5,9740.5,15.424691595703525,161.72101570313458,162.45494154034242,-4.602436884638138,18.830215928433574,19.384515913184707,10.822254711065387,180.55123163156816,180.87528421735058,1.0,5.800000000000001,15.424691595703525,1.721015703134583,15.520406111729255,15.424691595703525,161.72101570313458,162.45494154034242,162.45494154034242,57.0,1.0,0.1,-1.1353078176968587,0.4983621362760857,1.2398744532400316,-1.1353078176968587,0.4983621362760857,1.2398744532400316,1.2398744532400316,0.0,1.0,0.1,-1.1353078176968587,1.9495887406501424,2.256062964235132,-1.1353078176968587,1.9495887406501424,2.256062964235132,2.256062964235132,0.0,1.0,0.1,0.0,0.0,0.0,0.0,0.0,0.0,0.0,0.0,1.0,5.800000000000001,10.822254711065387,20.551231631568157,23.226586460466905,10.822254711065387,180.55123163156816,180.87528421735058,162.45494154034242,57.0,1.0,0.1,-5.737744702334997,20.779804669083717,21.557411633924115,-5.737744702334997,20.779804669083717,21.557411633924115,2.256062964235132,0.0
10_LTAN06_800km_HOT_MY_ALL_HEAT_MY_0p5,9801.0,15.775712072215148,161.60733246165688,162.37549998924695,-42.89454129196627,-18.272407750140765,46.624270049359524,-27.11882921975112,143.33492471151612,145.8777965980636,1.0,5.800000000000001,15.775712072215148,1.6073324616568812,15.857383423116524,15.775712072215148,161.60733246165688,162.37549998924695,162.37549998924695,57.0,1.0,0.1,-0.7842873411852356,0.3846788947983839,0.8735470712255363,-0.7842873411852356,0.3846788947983839,0.8735470712255363,0.8735470712255363,0.0,1.0,0.1,-0.7842873411852356,1.948465730877757,2.100386949575815,-0.7842873411852356,1.948465730877757,2.100386949575815,2.100386949575815,0.0,1.0,0.1,0.0,0.0,0.0,0.0,0.0,0.0,0.0,0.0,1.0,5.6000000000000005,12.88117078024888,-16.665075288483877,21.06298400134163,-27.11882921975112,143.33492471151612,145.8777965980636,162.37549998924695,55.0,1.0,0.30000000000000004,-3.678828633151504,23.676057980737,23.9601648913215,-43.678828633151504,-16.323942019263,46.62950947428544,2.100386949575815,2.0
10_LTAN06_800km_HOT_MY_ALL_HEAT_MY_0p5,9861.5,16.14115258443758,161.48687166698903,162.2915479239282,4.387507344315709,-76.302281101305,76.42832146501054,20.52865992875329,85.18459056568403,87.62328656420978,1.0,5.800000000000001,16.14115258443758,1.4868716669890318,16.209490865174967,16.14115258443758,161.48687166698903,162.2915479239282,162.2915479239282,57.0,1.0,0.1,-0.4188468289628027,0.2642181001305346,0.4952210320339641,-0.4188468289628027,0.2642181001305346,0.4952210320339641,0.4952210320339641,0.0,1.0,0.1,-0.4188468289628027,1.9424097963890574,1.9870552290362677,-0.4188468289628027,1.9424097963890574,1.9870552290362677,1.9870552290362677,0.0,1.0,0.1,0.0,0.0,0.0,0.0,0.0,0.0,0.0,0.0,1.0,1.4000000000000001,20.52865992875329,5.184590565684033,21.17323446722727,20.52865992875329,85.18459056568403,87.62328656420978,162.2915479239282,13.0,1.0,1.5,3.968660515352905,5.640128695084059,6.896471415385682,3.968660515352905,-74.35987130491594,74.46570168050378,1.9870552290362677,14.0
10_LTAN06_800km_HOT_MY_ALL_HEAT_MY_0p5,9922.0,16.52003859218163,161.35955692069865,162.20301564623068,-61.77352203675711,-96.57592952148597,114.64239262927454,-45.25348344457548,64.78362739921268,79.0240225682576,1.0,5.800000000000001,16.52003859218163,1.359556920698651,16.575888214747046,16.52003859218163,161.35955692069865,162.20301564623068,162.20301564623068,57.0,1.0,0.1,-0.03996082121875233,0.13690335384015384,0.1426162526683388,-0.03996082121875233,0.13690335384015384,0.1426162526683388,0.1426162526683388,0.0,1.0,0.1,-0.03996082121875233,1.956216413685496,1.956624523102228,-0.03996082121875233,1.956216413685496,1.956624523102228,1.956624523102228,0.0,1.0,0.1,0.0,0.0,0.0,0.0,0.0,0.0,0.0,0.0,1.0,1.2000000000000002,-5.25348344457548,-15.216372600787324,16.09773535092498,-45.25348344457548,64.78362739921268,79.0240225682576,162.20301564623068,11.0,1.0,1.1,18.186517142024137,-14.619713107800479,23.33421130253883,-61.81348285797586,-94.61971310780048,113.02122266032936,1.956624523102228,10.0
10_LTAN06_800km_HOT_MY_ALL_HEAT_MY_0p5,9982.5,16.90766880049816,161.22482069912303,162.1089512449319,-24.22167541654846,-15.939425887729985,28.995773099109893,-7.3140066160503,145.28539481139305,145.46938041485564,1.0,5.800000000000001,16.90766880049816,1.224820699123029,16.951974811576942,16.90766880049816,161.22482069912303,162.1089512449319,162.1089512449319,57.0,1.0,0.1,0.3476693870977776,0.0021671322645318014,0.34767614123951085,0.3476693870977776,0.0021671322645318014,0.34767614123951085,0.34767614123951085,0.0,1.0,0.1,0.3476693870977776,1.9377603089820354,1.9687023690215588,0.3476693870977776,1.9377603089820354,1.9687023690215588,1.9687023690215588,0.0,1.0,0.1,0.0,0.0,0.0,0.0,0.0,0.0,0.0,0.0,1.0,5.800000000000001,-7.3140066160503,-14.714605188606953,16.432111813038706,-7.3140066160503,145.28539481139305,145.46938041485564,162.1089512449319,57.0,1.0,0.9,16.125993970549317,-14.001665578747946,21.35636487132789,-23.874006029450683,-14.001665578747946,27.67697242968137,1.9687023690215588,8.0
10_LTAN06_800km_HOT_MY_ALL_HEAT_MY_0p5,10043.0,17.30155062120436,161.08251384605492,162.00901185076887,-106.74784454109623,-65.06495356780486,125.01420118110842,-89.44629391989187,96.01756027825006,131.22504097081116,1.0,5.800000000000001,17.30155062120436,1.0825138460549226,17.33538260682462,17.30155062120436,161.08251384605492,162.00901185076887,162.00901185076887,57.0,1.0,0.1,0.7415512078039761,-0.14013972080357462,0.7546769740375279,0.7415512078039761,-0.14013972080357462,0.7546769740375279,0.7546769740375279,0.0,1.0,0.1,0.7415512078039761,1.9365953440139378,2.0737164030435786,0.7415512078039761,1.9365953440139378,2.0737164030435786,2.0737164030435786,0.0,1.0,0.1,0.0,0.0,0.0,0.0,0.0,0.0,0.0,0.0,1.0,1.0,-9.446293919891872,16.01756027825006,18.595556084407914,-89.44629391989187,96.01756027825006,131.22504097081116,162.00901185076887,9.0,1.0,4.1000000000000005,13.993706666707737,16.871641776209074,21.919765566688525,-106.00629333329226,-63.128358223790926,123.37959247094015,2.0737164030435786,40.0
10_LTAN06_800km_HOT_MY_ALL_HEAT_MY_0p5,10103.5,17.70165223150713,160.93327300694983,161.90388152374442,-121.6885758461301,-49.04364141492815,131.19980279975812,-103.98692361462298,111.88963159202169,152.75002435558488,1.0,5.800000000000001,17.70165223150713,0.9332730069498325,17.72623733990726,17.70165223150713,160.93327300694983,161.90388152374442,161.90388152374442,57.0,1.0,0.1,1.1416528181067456,-0.28938055990866474,1.1777573033287148,1.1416528181067456,-0.28938055990866474,1.1777573033287148,1.1777573033287148,0.0,1.0,0.1,1.1416528181067456,1.9304062918099305,2.2427303914091947,1.1416528181067456,1.9304062918099305,2.2427303914091947,2.2427303914091947,0.0,1.0,0.1,0.0,0.0,0.0,0.0,0.0,0.0,0.0,0.0,1.0,2.6,16.01307638537702,-8.110368407978314,17.949838189717806,-103.98692361462298,111.88963159202169,152.75002435558488,161.90388152374442,25.0,1.0,4.3,-0.5469230280233717,-7.113235123118216,7.134230071657688,-120.54692302802337,-47.113235123118216,129.42649487369428,2.2427303914091947,42.0
10_LTAN06_800km_HOT_MY_ALL_HEAT_MY_0p5,10164.0,18.103646083008968,160.77709999527713,161.793132995162,-82.41263620084403,7.22457179519053,82.72869540369007,-64.30899011783507,168.00167179046767,179.8894325255595,1.0,5.800000000000001,18.103646083008968,0.7770999952771263,18.12031693711525,18.103646083008968,160.77709999527713,161.793132995162,161.793132995162,57.0,1.0,0.1,1.5436466696085844,-0.445553571581371,1.6066620757777879,1.5436466696085844,-0.445553571581371,1.6066620757777879,1.6066620757777879,0.0,1.0,0.1,1.5436466696085844,1.8903912112485557,2.4405786142141492,1.5436466696085844,1.8903912112485557,2.4405786142141492,2.4405786142141492,0.0,1.0,0.1,0.0,0.0,0.0,0.0,0.0,0.0,0.0,0.0,1.0,5.4,15.691009882164934,8.001671790467668,17.61347616356759,-64.30899011783507,168.00167179046767,179.8894325255595,161.793132995162,53.0,1.0,2.3000000000000003,-0.8689895312354565,9.114963006439098,9.156292558352977,-80.86898953123546,9.114963006439098,81.38105441939065,2.4405786142141492,22.0
10_LTAN06_800km_HOT_MY_ALL_HEAT_MY_0p5,10224.5,18.506018078414947,160.61424401430875,161.67686317283167,-13.582551150125447,-61.056998298374566,62.54952227598136,4.9234669282895,99.55724571593419,99.6789130214453,1.0,5.800000000000001,18.506018078414947,0.6142440143087526,18.51620913761062,18.506018078414947,160.61424401430875,161.67686317283167,161.67686317283167,57.0,1.0,0.1,1.946018665014563,-0.6084095525497446,2.03890922510514,1.946018665014563,-0.6084095525497446,2.03890922510514,2.03890922510514,0.0,1.0,0.1,1.946018665014563,1.8953086423640286,2.7164652573528048,1.946018665014563,1.8953086423640286,2.7164652573528048,2.7164652573528048,0.0,1.0,0.1,0.0,0.0,0.0,0.0,0.0,0.0,0.0,0.0,1.0,1.4000000000000001,4.9234669282895,19.557245715934187,20.167458605074327,4.9234669282895,99.55724571593419,99.6789130214453,161.67686317283167,13.0,1.0,0.5,-11.636532485110884,-19.161689656010537,22.41827912107221,-11.636532485110884,-59.16168965601054,60.295227101580316,2.7164652573528048,4.0
10_LTAN06_800km_HOT_MY_ALL_HEAT_MY_0p5,10285.0,18.90808406769824,160.445205283991,161.55549988079375,-85.48375795508154,-28.945978854809628,90.25155159877337,-66.5756738873833,131.49922642918136,147.3918820866072,1.0,5.800000000000001,18.90808406769824,0.4452052839909868,18.913324690705164,18.90808406769824,160.445205283991,161.55549988079375,161.55549988079375,57.0,1.0,0.1,2.348084654297857,-0.7774482828675104,2.4734444356570306,2.348084654297857,-0.7774482828675104,2.4734444356570306,2.4734444356570306,0.0,1.0,0.1,2.348084654297857,1.8979339319997166,3.019214261026367,2.348084654297857,1.8979339319997166,3.019214261026367,3.019214261026367,0.0,1.0,0.1,0.0,0.0,0.0,0.0,0.0,0.0,0.0,0.0,1.0,2.8000000000000003,13.424326112616697,11.499226429181363,17.676106473074483,-66.5756738873833,131.49922642918136,147.3918820866072,161.55549988079375,27.0,1.0,2.1,-3.1356733007836795,12.951955077190092,13.326124244160333,-83.13567330078368,-27.048044922809908,87.42503594120497,3.019214261026367,20.0
10_LTAN06_800km_HOT_MY_ALL_HEAT_MY_0p5,10345.5,19.30197801578549,160.27595009533485,161.4340315245956,-11.862038523464046,-54.761494627252645,56.031502315597116,7.439939492321445,105.5144554680822,105.77642937996775,1.0,5.800000000000001,19.30197801578549,0.27595009533484927,19.303950470745143,19.30197801578549,160.27595009533485,161.4340315245956,161.4340315245956,57.0,1.0,0.1,2.7419786023851067,-0.946703471523648,2.9008092179481073,2.7419786023851067,-0.946703471523648,2.9008092179481073,2.9008092179481073,0.0,1.0,0.1,2.7419786023851067,1.9003427632962087,3.336127886330207,2.7419786023851067,1.9003427632962087,3.336127886330207,3.336127886330207,0.0,1.0,0.1,0.0,0.0,0.0,0.0,0.0,0.0,0.0,0.0,1.0,3.2,7.439939492321445,-14.485544531917796,16.284461920357632,7.439939492321445,105.5144554680822,105.77642937996775,161.4340315245956,31.0,1.0,0.5,-9.120059921078939,-12.861151863956437,15.766569704023144,-9.120059921078939,-52.86115186395644,53.64211842711225,3.336127886330207,4.0
10_LTAN06_800km_HOT_MY_ALL_HEAT_MY_0p5,10406.0,19.68790433822904,160.1063129194977,161.31225934164885,-100.14861578908132,-76.39765816619473,125.96169027822614,-80.46071145085227,83.70865475330297,116.10798838919303,1.0,5.800000000000001,19.68790433822904,0.10631291949769661,19.688191376256732,19.68790433822904,160.1063129194977,161.31225934164885,161.31225934164885,57.0,1.0,0.1,3.1279049248286555,-1.1163406473608006,3.321145233156371,3.1279049248286555,-1.1163406473608006,3.321145233156371,3.321145233156371,0.0,1.0,0.1,3.1279049248286555,1.902105530529127,3.660846168310934,3.1279049248286555,1.902105530529127,3.660846168310934,3.660846168310934,0.0,1.0,0.1,0.0,0.0,0.0,0.0,0.0,0.0,0.0,0.0,1.0,1.0,-0.4607114508522727,3.708654753302966,3.7371613719697856,-80.46071145085227,83.70865475330297,116.10798838919303,161.31225934164885,9.0,1.0,1.1,-17.020710864252663,5.504447364334396,17.88864274089056,-97.02071086425266,-74.4955526356656,122.32173028165576,3.660846168310934,10.0
10_LTAN06_800km_HOT_MY_ALL_HEAT_MY_0p5,10466.5,20.064224992557342,159.93723963647628,161.19086123936307,-47.885709396127744,-67.70990392241113,82.93173248855074,-27.821484403570402,92.22733571406515,96.3323229624044,1.0,5.800000000000001,20.064224992557342,-0.06276036352372216,20.06432314869336,20.064224992557342,159.93723963647628,161.19086123936307,161.19086123936307,57.0,1.0,0.1,3.5042255791569588,-1.2854139303822194,3.732544156743305,3.5042255791569588,-1.2854139303822194,3.732544156743305,3.732544156743305,0.0,1.0,0.1,3.5042255791569588,1.904676602162425,3.9884069336569614,3.5042255791569588,1.904676602162425,3.9884069336569614,3.9884069336569614,0.0,1.0,0.1,0.0,0.0,0.0,0.0,0.0,0.0,0.0,0.0,1.0,1.2000000000000002,12.178515596429598,12.227335714065148,17.257577489234464,-27.821484403570402,92.22733571406515,96.3323229624044,161.19086123936307,11.0,1.0,1.3,-4.3814838169707855,14.194772679751296,14.855604055984754,-44.381483816970785,-65.8052273202487,79.37281681070445,3.9884069336569614,12.0
10_LTAN06_800km_HOT_MY_ALL_HEAT_MY_0p5,10527.0,20.425964599431392,159.77207172922115,161.07245243822612,22.709081528501812,-24.65612086098809,33.52054116179801,43.13504612793321,135.11595086823306,141.83424263373672,1.0,5.800000000000001,20.425964599431392,-0.2279282707788468,20.427236257356125,20.425964599431392,159.77207172922115,161.07245243822612,161.07245243822612,57.0,1.0,0.1,3.8659651860310085,-1.450581837637344,4.129149366066467,3.8659651860310085,-1.450581837637344,4.129149366066467,4.129149366066467,0.0,1.0,0.1,3.8659651860310085,1.9377971895794701,4.324435774473459,3.8659651860310085,1.9377971895794701,4.324435774473459,4.324435774473459,0.0,1.0,0.1,0.0,0.0,0.0,0.0,0.0,0.0,0.0,0.0,1.0,3.4000000000000004,3.135046127933208,15.115950868233057,15.437632100652765,43.13504612793321,135.11595086823306,141.83424263373672,161.07245243822612,33.0,1.0,0.7000000000000001,-13.424953285467176,17.281676328591374,21.883457392358533,26.575046714532824,-22.718323671408626,34.96219870543738,4.324435774473459,6.0
10_LTAN06_800km_HOT_MY_ALL_HEAT_MY_0p5,10587.5,20.77372387301636,159.61097472681143,160.95717087720934,-39.23290799853375,-108.9917215960236,115.83788864825934,-18.45918412551739,50.61925313078784,53.879961637871716,1.0,5.800000000000001,20.77372387301636,-0.3890252731885653,20.777366152029693,20.77372387301636,159.61097472681143,160.95717087720934,160.95717087720934,57.0,1.0,0.1,4.213724459615975,-1.6116788400470625,4.51142798956399,4.213724459615975,-1.6116788400470625,4.51142798956399,4.51142798956399,0.0,1.0,0.1,4.213724459615975,1.9503504023955713,4.64320369073881,4.213724459615975,1.9503504023955713,4.64320369073881,4.64320369073881,0.0,1.0,0.1,0.0,0.0,0.0,0.0,0.0,0.0,0.0,0.0,1.0,0.2,21.54081587448261,10.61925313078784,24.016146351863142,-18.45918412551739,50.61925313078784,53.879961637871716,160.95717087720934,1.0,1.0,3.1,4.980816461082227,12.958628806371976,13.882888502048889,-35.01918353891777,-107.04137119362802,112.62414644624158,4.64320369073881,30.0
10_LTAN06_800km_HOT_MY_ALL_HEAT_MY_0p5,10648.0,21.10523637776836,159.4569954336466,160.84764342472496,-44.42971315505432,-78.14197930140698,89.88975659207183,-23.324476777285962,81.31501613223962,84.59410774705613,1.0,5.800000000000001,21.10523637776836,-0.5430045663534031,21.112220549259085,21.10523637776836,159.4569954336466,160.84764342472496,160.84764342472496,57.0,1.0,0.1,4.545236964367977,-1.7656581332119003,4.876138606072878,4.545236964367977,-1.7656581332119003,4.876138606072878,4.876138606072878,0.0,1.0,0.1,4.545236964367977,1.9411909805791367,4.9424084701022855,4.545236964367977,1.9411909805791367,4.9424084701022855,4.9424084701022855,0.0,1.0,0.1,0.0,0.0,0.0,0.0,0.0,0.0,0.0,0.0,1.0,1.2000000000000002,16.675523222714038,1.31501613223962,16.727293330940473,-23.324476777285962,81.31501613223962,84.59410774705613,160.84764342472496,11.0,1.0,1.3,0.11552380931365747,3.79921167917216,3.800967657541495,-39.88447619068634,-76.20078832082784,86.00774140576556,4.9424084701022855,12.0
10_LTAN06_800km_HOT_MY_ALL_HEAT_MY_0p5,10708.5,21.418049716058697,159.31241121741286,160.7456911445704,-65.06786123216334,-24.890804459138568,69.66619490076329,-43.64981151610464,134.4216067582743,141.3310808310316,1.0,5.800000000000001,21.418049716058697,-0.6875887825871416,21.429083787542147,21.418049716058697,159.31241121741286,160.7456911445704,160.7456911445704,57.0,1.0,0.1,4.858050302658313,-1.9102423494456389,5.220122467603047,4.858050302658313,-1.9102423494456389,5.220122467603047,5.220122467603047,0.0,1.0,0.1,4.858050302658313,1.913066152016114,5.221156466258052,4.858050302658313,1.913066152016114,5.221156466258052,5.221156466258052,0.0,1.0,0.1,0.0,0.0,0.0,0.0,0.0,0.0,0.0,0.0,1.0,3.0,-3.6498115161046414,14.421606758274294,14.87628534256428,-43.64981151610464,134.4216067582743,141.3310808310316,160.7456911445704,29.0,0.0,nan,nan,nan,nan,-60.209810929505025,-22.97773830712245,64.44530851720198,5.221156466258052,nan
10_LTAN06_800km_HOT_MY_ALL_HEAT_MY_0p5,10769.0,21.71269272078372,159.17664182535304,160.65069040618502,23.435867929518196,-72.33886217042087,76.04045558596401,45.14856065030192,86.83777965493218,97.87334930507151,1.0,5.800000000000001,21.71269272078372,-0.8233581746469554,21.7282982276784,21.71269272078372,159.17664182535304,160.65069040618502,160.65069040618502,57.0,1.0,0.1,5.152693307383338,-2.0460117415054526,5.544042962164995,5.152693307383338,-2.0460117415054526,5.544042962164995,5.544042962164995,0.0,1.0,0.1,5.152693307383338,1.8651622555676397,5.479879429289225,5.152693307383338,1.8651622555676397,5.479879429289225,5.479879429289225,0.0,1.0,0.1,0.0,0.0,0.0,0.0,0.0,0.0,0.0,0.0,1.0,1.6,5.148560650301917,6.837779654932177,8.55937540824339,45.14856065030192,86.83777965493218,97.87334930507151,160.65069040618502,15.0,1.0,1.7000000000000002,-11.411438763098467,9.526300085146772,14.865104370848314,28.588561236901533,-70.47369991485323,76.05161545480051,5.479879429289225,16.0
10_LTAN06_800km_HOT_MY_ALL_HEAT_MY_0p5,10829.5,21.981999507306057,159.05446392108462,160.56628162712997,-71.3078843247579,-15.08240869510417,72.88548153726643,-49.325884817451836,143.97205522598045,152.18737003778367,1.0,5.800000000000001,21.981999507306057,-0.9455360789153815,22.00232580469016,21.981999507306057,159.05446392108462,160.56628162712997,160.56628162712997,57.0,1.0,0.1,5.422000093905673,-2.1681896457738787,5.839446151678615,5.422000093905673,-2.1681896457738787,5.839446151678615,5.839446151678615,0.0,1.0,0.1,5.422000093905673,1.8553935456332056,5.73066926523338,5.422000093905673,1.8553935456332056,5.73066926523338,5.73066926523338,0.0,1.0,0.1,0.0,0.0,0.0,0.0,0.0,0.0,0.0,0.0,1.0,5.6000000000000005,-9.325884817451836,-16.027944774019545,18.543655014786033,-49.325884817451836,143.97205522598045,152.18737003778367,160.56628162712997,55.0,1.0,2.3000000000000003,14.114115769147787,-13.227015149470958,19.3432725697913,-65.88588423085221,-13.227015149470958,67.20047373825273,5.73066926523338,22.0
10_LTAN06_800km_HOT_MY_ALL_HEAT_MY_0p5,10890.0,22.22461266596399,158.94695434475696,160.49320142494005,-50.32142292556446,-36.75990964298593,62.318027586036564,-28.096810259600474,122.18704470177103,125.3758534954661,1.0,5.800000000000001,22.22461266596399,-1.0530456552430394,22.249546361761023,22.22461266596399,158.94695434475696,160.49320142494005,160.49320142494005,57.0,1.0,0.1,5.664613252563605,-2.2756992221015366,6.104641697150846,5.664613252563605,-2.2756992221015366,6.104641697150846,6.104641697150846,0.0,1.0,0.1,5.664613252563605,1.86215122231377,5.962839128794595,5.664613252563605,1.86215122231377,5.962839128794595,5.962839128794595,0.0,1.0,0.1,0.0,0.0,0.0,0.0,0.0,0.0,0.0,0.0,1.0,3.0,11.903189740399526,2.187044701771029,12.102441510848019,-28.096810259600474,122.18704470177103,125.3758534954661,160.49320142494005,29.0,1.0,0.30000000000000004,-4.656809673000858,5.102241579327838,6.907875611530377,-44.65680967300086,-34.89775842067216,56.67525203259547,5.962839128794595,2.0
10_LTAN06_800km_HOT_MY_ALL_HEAT_MY_0p5,10950.5,22.441848689043955,158.85299805570347,160.43039476317222,-15.65096839042538,-142.65793527213722,143.51389935357267,6.790880298618575,16.195062783566243,17.56121048771463,1.0,5.800000000000001,22.441848689043955,-1.1470019442965338,22.47114118246254,22.441848689043955,158.85299805570347,160.43039476317222,160.43039476317222,57.0,1.0,0.1,5.881849275643571,-2.369655511155031,6.341247364906704,5.881849275643571,-2.369655511155031,6.341247364906704,6.341247364906704,0.0,1.0,0.1,5.881849275643571,1.8826238787341651,6.1757933555267925,5.881849275643571,1.8826238787341651,6.1757933555267925,6.1757933555267925,0.0,1.0,0.1,0.0,0.0,0.0,0.0,0.0,0.0,0.0,0.0,1.0,0.1,6.790880298618575,16.195062783566243,17.56121048771463,6.790880298618575,16.195062783566243,17.56121048771463,160.43039476317222,0.0,1.0,3.3000000000000003,-9.769119114781809,-20.775311393403058,22.957553261871315,-9.769119114781809,-140.77531139340306,141.11386886549596,6.1757933555267925,32.0
10_LTAN06_800km_HOT_MY_ALL_HEAT_MY_0p5,11011.0,22.629941295086173,158.77683694662235,160.38141473934363,-90.62252844497496,-24.48535989131104,93.87212318237678,-67.99258714988879,134.2914770553113,150.52306373786186,1.0,5.800000000000001,22.629941295086173,-1.2231630533776467,22.662973566462863,22.629941295086173,158.77683694662235,160.38141473934363,160.38141473934363,57.0,1.0,0.1,6.069941881685789,-2.445816620236144,6.544174003406892,6.069941881685789,-2.445816620236144,6.544174003406892,6.544174003406892,0.0,1.0,0.1,6.069941881685789,1.8678456616371193,6.350830013686386,6.069941881685789,1.8678456616371193,6.350830013686386,6.350830013686386,0.0,1.0,0.1,0.0,0.0,0.0,0.0,0.0,0.0,0.0,0.0,1.0,2.8000000000000003,12.007412850111209,14.291477055311304,18.66612653379124,-67.99258714988879,134.2914770553113,150.52306373786186,160.38141473934363,27.0,1.0,2.1,-4.552586563289168,17.38248577032607,17.968774470503806,-84.55258656328917,-22.61751422967393,87.52537828808288,6.350830013686386,20.0
10_LTAN06_800km_HOT_MY_ALL_HEAT_MY_0p5,11071.5,22.78978679340067,158.71787620765363,160.34568472508613,-71.18167835187704,-126.77614009125645,145.39264434429947,-48.391891558476374,31.94173611639718,57.98318441355984,1.0,5.800000000000001,22.78978679340067,-1.2821237923463684,22.825823610716878,22.78978679340067,158.71787620765363,160.34568472508613,160.34568472508613,57.0,1.0,0.1,6.229787380000285,-2.5047773592048657,6.7144739495507855,6.229787380000285,-2.5047773592048657,6.7144739495507855,6.7144739495507855,0.0,1.0,0.1,6.229787380000285,1.8661062626522096,6.5032763576154915,6.229787380000285,1.8661062626522096,6.5032763576154915,6.5032763576154915,0.0,1.0,0.1,0.0,0.0,0.0,0.0,0.0,0.0,0.0,0.0,1.0,0.2,-8.391891558476374,-8.05826388360282,11.634408482901252,-48.391891558476374,31.94173611639718,57.98318441355984,160.34568472508613,1.0,1.0,2.9000000000000004,15.048109028123235,-4.9100338286042415,15.82889817771035,-64.95189097187676,-124.91003382860424,140.7880133103867,6.5032763576154915,28.0
10_LTAN06_800km_HOT_MY_ALL_HEAT_MY_0p5,11132.0,22.921273323059825,158.67584844643815,160.3228294752417,-53.503091604446695,6.123713274262567,53.85239711934088,-30.58181828138687,164.79956172070072,167.6130757212301,1.0,5.800000000000001,22.921273323059825,-1.3241515535618475,22.95948928193339,22.921273323059825,158.67584844643815,160.3228294752417,160.3228294752417,57.0,1.0,0.1,6.361273909659442,-2.546805120420345,6.8521545571530424,6.361273909659442,-2.546805120420345,6.8521545571530424,6.8521545571530424,0.0,1.0,0.1,6.361273909659442,1.8547261687262449,6.626146309482749,6.361273909659442,1.8547261687262449,6.626146309482749,6.626146309482749,0.0,1.0,0.1,0.0,0.0,0.0,0.0,0.0,0.0,0.0,0.0,1.0,5.6000000000000005,9.41818171861313,4.799561720700723,10.570616802989042,-30.58181828138687,164.79956172070072,167.6130757212301,160.3228294752417,55.0,1.0,0.9,-7.14181769478725,7.978439442988815,10.70799028440986,-47.14181769478725,7.978439442988815,47.812200027963534,6.626146309482749,8.0
10_LTAN06_800km_HOT_MY_ALL_HEAT_MY_0p5,11192.5,23.02156237760685,158.65215428132916,160.31374985450472,-101.5787971938158,-155.24250911113435,185.52220534066262,-78.55723481620896,3.409645170194807,78.63119496838151,1.0,5.800000000000001,23.02156237760685,-1.3478457186708397,23.06098485293684,23.02156237760685,158.65215428132916,160.31374985450472,160.31374985450472,57.0,1.0,0.1,6.461562964206465,-2.570499285529337,6.954082435326135,6.461562964206465,-2.570499285529337,6.954082435326135,6.954082435326135,0.0,1.0,0.1,6.461562964206465,1.8596391619471717,6.7238421868045215,6.461562964206465,1.8596391619471717,6.7238421868045215,6.7238421868045215,0.0,1.0,0.1,0.0,0.0,0.0,0.0,0.0,0.0,0.0,0.0,1.0,2.3000000000000003,1.442765183791039,3.409645170194807,3.702330558201464,-78.55723481620896,3.409645170194807,78.63119496838151,160.31374985450472,22.0,1.0,5.5,-15.117234229609352,6.617130050812818,16.502035658131476,-95.11723422960935,-153.38286994918718,180.48155872924977,6.7238421868045215,54.0
10_LTAN06_800km_HOT_MY_ALL_HEAT_MY_0p5,11253.0,23.09162804625881,158.64539672535253,160.3171394080223,-31.178516307672854,-156.04668282795961,159.13097467418984,-8.086888261414046,2.598713897392912,8.494178928719323,1.0,5.800000000000001,23.09162804625881,-1.3546032746474737,23.131325856043187,23.09162804625881,158.64539672535253,160.3171394080223,160.3171394080223,57.0,1.0,0.1,6.531628632858425,-2.577256841505971,7.021711004069119,6.531628632858425,-2.577256841505971,7.021711004069119,7.021711004069119,0.0,1.0,0.1,6.531628632858425,1.855009672333921,6.789936191307575,6.531628632858425,1.855009672333921,6.789936191307575,6.789936191307575,0.0,1.0,0.1,0.0,0.0,0.0,0.0,0.0,0.0,0.0,0.0,1.0,0.1,-8.086888261414046,2.598713897392912,8.494178928719323,-8.086888261414046,2.598713897392912,8.494178928719323,160.3171394080223,0.0,1.0,5.7,15.35311232518557,5.808326844374307,16.41507596086123,-24.64688767481443,-154.1916731556257,156.14909907708793,6.789936191307575,56.0
10_LTAN06_800km_HOT_MY_ALL_HEAT_MY_0p5,11313.5,23.13042074750256,158.6552992957986,160.33253056880233,-43.14831460392716,-86.95364960916947,97.07066618455697,-20.017893856424603,71.70164968662914,74.44355339605416,1.0,5.800000000000001,23.13042074750256,-1.3447007042013865,23.16947526251677,23.13042074750256,158.6552992957986,160.33253056880233,160.33253056880233,57.0,1.0,0.1,6.570421334102175,-2.567354271059884,7.0542004834534175,6.570421334102175,-2.567354271059884,7.0542004834534175,7.0542004834534175,0.0,1.0,0.1,6.570421334102175,1.8119470355230192,6.8156869475619,6.570421334102175,1.8119470355230192,6.8156869475619,6.8156869475619,0.0,1.0,0.1,0.0,0.0,0.0,0.0,0.0,0.0,0.0,0.0,1.0,1.2000000000000002,19.982106143575397,-8.298350313370861,21.63670917345186,-20.017893856424603,71.70164968662914,74.44355339605416,160.33253056880233,11.0,1.0,1.3,3.4221067301750168,-5.141702573646455,6.176400232218742,-36.57789326982498,-85.14170257364646,92.66634660543158,6.8156869475619,12.0
10_LTAN06_800km_HOT_MY_ALL_HEAT_MY_0p5,11374.0,23.13563675319716,158.681711013623,160.3594184891765,-20.797917031228415,-144.9827777402688,146.4669218428586,2.337719721968746,13.698933273354186,13.8969675226753,1.0,5.800000000000001,23.13563675319716,-1.3182889863770129,23.173164950595122,23.13563675319716,158.681711013623,160.3594184891765,160.3594184891765,57.0,1.0,0.1,6.575637339796778,-2.54094255323551,7.049496115565469,6.575637339796778,-2.54094255323551,7.049496115565469,7.049496115565469,0.0,1.0,0.1,6.575637339796778,1.834102620621394,6.826634518377259,6.575637339796778,1.834102620621394,6.826634518377259,6.826634518377259,0.0,1.0,0.1,0.0,0.0,0.0,0.0,0.0,0.0,0.0,0.0,1.0,0.1,2.337719721968746,13.698933273354186,13.8969675226753,2.337719721968746,13.698933273354186,13.8969675226753,160.3594184891765,0.0,1.0,5.9,-14.222279691431638,16.851324880352593,22.05085916340901,-14.222279691431638,-143.1486751196474,143.8534546965476,6.826634518377259,58.0
10_LTAN06_800km_HOT_MY_ALL_HEAT_MY_0p5,11434.5,23.1088958610834,158.7233222080907,160.39673961989308,6.8975035352538505,-76.45386659041225,76.76437501630163,30.00639939633725,82.26945561767846,87.57081324483445,1.0,5.800000000000001,23.1088958610834,-1.276677791909293,23.144134766777345,23.1088958610834,158.7233222080907,160.39673961989308,160.39673961989308,57.0,1.0,0.1,6.548896447683017,-2.4993313587677903,7.009614962563585,6.548896447683017,-2.4993313587677903,7.009614962563585,7.009614962563585,0.0,1.0,0.1,6.548896447683017,1.8228360091621028,6.79785082204466,6.548896447683017,1.8228360091621028,6.79785082204466,6.79785082204466,0.0,1.0,0.1,0.0,0.0,0.0,0.0,0.0,0.0,0.0,0.0,1.0,1.6,-9.993600603662749,2.26945561767846,10.248047708033994,30.00639939633725,82.26945561767846,87.57081324483445,160.39673961989308,15.0,1.0,1.5,13.446399982936867,5.368969418749856,14.478656882480355,13.446399982936867,-74.63103058125014,75.83268687129988,6.79785082204466,14.0
10_LTAN06_800km_HOT_MY_ALL_HEAT_MY_0p5,11495.0,23.052168910031547,158.7769551097742,160.44165283799552,-23.063267034050682,-96.50564907157529,99.2232562911033,-0.011098124019135014,62.271306038198915,62.27130702716449,1.0,5.800000000000001,23.052168910031547,-1.2230448902257933,23.084590753576997,23.052168910031547,158.7769551097742,160.44165283799552,160.44165283799552,57.0,1.0,0.1,6.492169496631163,-2.4456984570842906,6.937557618929922,6.492169496631163,-2.4456984570842906,6.937557618929922,6.937557618929922,0.0,1.0,0.1,6.492169496631163,1.8192547502563627,6.742251301999835,6.492169496631163,1.8192547502563627,6.742251301999835,6.742251301999835,0.0,1.0,0.1,0.0,0.0,0.0,0.0,0.0,0.0,0.0,0.0,1.0,0.4,-0.011098124019135014,22.271306038198915,22.271308803379117,-0.011098124019135014,62.271306038198915,62.27130702716449,160.44165283799552,3.0,1.0,1.5,-16.57109753741952,-14.686394321318929,22.14252586666526,-16.57109753741952,-94.68639432131893,96.12551452744982,6.742251301999835,14.0
10_LTAN06_800km_HOT_MY_ALL_HEAT_MY_0p5,11555.5,22.966465423848565,158.8408271111511,160.49257581402145,-63.46554045828478,-17.576602937796537,65.85447438477617,-40.49907503443622,141.26422417335456,146.9549458505724,1.0,5.800000000000001,22.966465423848565,-1.1591728888489001,22.995699942621314,22.966465423848565,158.8408271111511,160.49257581402145,160.49257581402145,57.0,1.0,0.1,6.406466010448181,-2.3818264557073974,6.834903364944927,6.406466010448181,-2.3818264557073974,6.834903364944927,6.834903364944927,0.0,1.0,0.1,6.406466010448181,1.7994700983838072,6.654389481988957,6.406466010448181,1.7994700983838072,6.654389481988957,6.654389481988957,0.0,1.0,0.1,0.0,0.0,0.0,0.0,0.0,0.0,0.0,0.0,1.0,3.0,-0.4990750344362169,21.264224173354563,21.27008005590656,-40.49907503443622,141.26422417335456,146.9549458505724,160.49257581402145,29.0,1.0,0.9,-17.0590744478366,-15.77713283941273,23.236392612651976,-57.0590744478366,-15.77713283941273,59.20013426907269,6.654389481988957,8.0
10_LTAN06_800km_HOT_MY_ALL_HEAT_MY_0p5,11616.0,22.85257758838102,158.91459805875755,160.54933752155267,-87.303034764989,-38.40993148346732,95.37894272711105,-64.45045717660797,120.50466657529023,136.6573675170704,1.0,5.800000000000001,22.85257758838102,-1.085401941242452,22.87833909633799,22.85257758838102,158.91459805875755,160.54933752155267,160.54933752155267,57.0,1.0,0.1,6.292578174980637,-2.3080555081009493,6.702511493217879,6.292578174980637,-2.3080555081009493,6.702511493217879,6.702511493217879,0.0,1.0,0.1,6.292578174980637,1.760973722747707,6.534337651242899,6.292578174980637,1.760973722747707,6.534337651242899,6.534337651242899,0.0,1.0,0.1,0.0,0.0,0.0,0.0,0.0,0.0,0.0,0.0,1.0,2.8000000000000003,15.54954282339203,0.50466657529023,15.557730244759927,-64.45045717660797,120.50466657529023,136.6573675170704,160.54933752155267,27.0,1.0,2.1,-1.0104565900083458,3.351042239280389,3.5000723720707003,-81.01045659000835,-36.64895776071961,88.91479169333208,6.534337651242899,20.0
10_LTAN06_800km_HOT_MY_ALL_HEAT_MY_0p5,11676.5,22.708673712193203,158.99477185069674,160.60828539531192,-100.30519821058894,-82.38806732808945,129.80341453953875,-77.59652449839574,76.60670452260729,109.0403952305942,1.0,5.800000000000001,22.708673712193203,-1.0052281493032638,22.730911671092436,22.708673712193203,158.99477185069674,160.60828539531192,160.60828539531192,57.0,1.0,0.1,6.14867429879282,-2.227881716161761,6.539851112513437,6.14867429879282,-2.227881716161761,6.539851112513437,6.539851112513437,0.0,1.0,0.1,6.14867429879282,1.7532710158717464,6.393759057685183,6.14867429879282,1.7532710158717464,6.393759057685183,6.393759057685183,0.0,1.0,0.1,0.0,0.0,0.0,0.0,0.0,0.0,0.0,0.0,1.0,1.0,2.4034755016042624,-3.393295477392712,4.158262700179691,-77.59652449839574,76.60670452260729,109.0403952305942,160.60828539531192,9.0,1.0,1.1,-14.156523911796114,-0.634796312217702,14.170749296464896,-94.15652391179611,-80.6347963122177,123.96540392974757,6.393759057685183,10.0
10_LTAN06_800km_HOT_MY_ALL_HEAT_MY_0p5,11737.0,22.535579600710573,159.08062998832642,160.66891169551994,-46.47934542542639,-21.22754862812125,51.09734212202585,-23.943765824715815,137.85308136020518,139.91703242411975,1.0,5.800000000000001,22.535579600710573,-0.9193700116735783,22.55432528714453,22.535579600710573,159.08062998832642,160.66891169551994,160.66891169551994,57.0,1.0,0.1,5.9755801873101895,-2.1420235785320756,6.34789914743149,5.9755801873101895,-2.1420235785320756,6.34789914743149,6.34789914743149,0.0,1.0,0.1,5.9755801873101895,1.779696169630256,6.234972095460467,5.9755801873101895,1.779696169630256,6.234972095460467,6.234972095460467,0.0,1.0,0.1,0.0,0.0,0.0,0.0,0.0,0.0,0.0,0.0,1.0,3.0,16.056234175284185,17.85308136020518,24.011146785309304,-23.943765824715815,137.85308136020518,139.91703242411975,160.66891169551994,29.0,1.0,0.30000000000000004,-0.5037652381162019,20.552147541509015,20.558320650848145,-40.5037652381162,-19.447852458490985,44.93076856355413,6.234972095460467,2.0
10_LTAN06_800km_HOT_MY_ALL_HEAT_MY_0p5,11797.5,22.33495191106212,159.17171044637334,160.7310905932439,-119.65651744719801,-59.04632104218426,133.4321932526341,-97.32156553613589,100.12538940418908,139.63015692086321,1.0,5.800000000000001,22.33495191106212,-0.8282895536266608,22.350305153489618,22.33495191106212,159.17171044637334,160.7310905932439,160.7310905932439,57.0,1.0,0.1,5.774952497661737,-2.050943120485158,6.128331260115997,5.774952497661737,-2.050943120485158,6.128331260115997,6.128331260115997,0.0,1.0,0.1,5.774952497661737,1.8135552876929637,6.053020661766209,5.774952497661737,1.8135552876929637,6.053020661766209,6.053020661766209,0.0,1.0,0.1,0.0,0.0,0.0,0.0,0.0,0.0,0.0,0.0,0.0,nan,nan,nan,nan,-97.32156553613589,100.12538940418908,139.63015692086321,160.7310905932439,nan,1.0,4.1000000000000005,6.118435050463717,22.767234245508703,23.575033460349683,-113.88156494953628,-57.2327657544913,127.45430675839842,6.053020661766209,40.0
10_LTAN06_800km_HOT_MY_ALL_HEAT_MY_0p5,11858.0,22.111022066719936,159.26247440172463,160.79002782944897,-108.37442215902291,-3.281129089656364,108.42408028849083,-86.26340009230297,155.98134531206827,178.24576932103443,1.0,5.800000000000001,22.111022066719936,-0.7375255982753686,22.123318938239972,22.111022066719936,159.26247440172463,160.79002782944897,160.79002782944897,57.0,1.0,0.1,5.551022653319553,-1.9601791651338658,5.886947838828857,5.551022653319553,-1.9601791651338658,5.886947838828857,5.886947838828857,0.0,1.0,0.1,5.551022653319553,1.8470979030592218,5.850266930760734,5.551022653319553,1.8470979030592218,5.850266930760734,5.850266930760734,0.0,1.0,0.1,0.0,0.0,0.0,0.0,0.0,0.0,0.0,0.0,1.0,5.4,-6.263400092302973,-4.018654687931729,7.441758274567682,-86.26340009230297,155.98134531206827,178.24576932103443,160.79002782944897,53.0,1.0,2.3000000000000003,-22.82339950570335,-1.4340311865971387,22.868406381754568,-102.82339950570335,-1.4340311865971387,102.83339890985617,5.850266930760734,22.0
10_LTAN06_800km_HOT_MY_ALL_HEAT_MY_0p5,11918.5,21.86512882763056,159.35392230067723,160.84699689847852,-125.42881451561234,-63.342647173536776,140.51575876656344,-103.56368568798179,96.01127512714045,141.22181823223542,1.0,5.800000000000001,21.86512882763056,-0.6460776993227739,21.874671998511044,21.86512882763056,159.35392230067723,160.84699689847852,160.84699689847852,57.0,1.0,0.1,5.305129414230176,-1.8687312661812712,5.624638179201723,5.305129414230176,-1.8687312661812712,5.624638179201723,5.624638179201723,0.0,1.0,0.1,5.305129414230176,1.8287225945927617,5.611472572302595,5.305129414230176,1.8287225945927617,5.611472572302595,5.611472572302595,0.0,1.0,0.1,0.0,0.0,0.0,0.0,0.0,0.0,0.0,0.0,1.0,4.9,16.43631431201821,16.01127512714045,22.945878918891758,-103.56368568798179,96.01127512714045,141.22181823223542,160.84699689847852,48.0,1.0,4.1000000000000005,-0.12368510138216493,18.486075421055986,18.486489187438327,-120.12368510138216,-61.513924578944014,134.95800324337952,5.611472572302595,40.0
10_LTAN06_800km_HOT_MY_ALL_HEAT_MY_0p5,11979.0,21.599315387115208,159.44677809892113,160.90309341749358,-68.78429987750505,-174.12546855404966,187.21901267981806,-47.18498449038984,-14.678690455128532,49.415450163241566,1.0,5.800000000000001,21.599315387115208,-0.5532219010788708,21.606399044355012,21.599315387115208,159.44677809892113,160.90309341749358,160.90309341749358,57.0,1.0,0.1,5.0393159737148245,-1.775875467937368,5.343073943018116,5.0393159737148245,-1.775875467937368,5.343073943018116,5.343073943018116,0.0,1.0,0.1,5.0393159737148245,1.8071506959535668,5.353550141805235,5.0393159737148245,1.8071506959535668,5.353550141805235,5.353550141805235,0.0,1.0,0.1,0.0,0.0,0.0,0.0,0.0,0.0,0.0,0.0,1.0,0.9,-7.184984490389837,-14.678690455128532,16.342825814547005,-47.18498449038984,-14.678690455128532,49.415450163241566,160.90309341749358,8.0,1.0,5.5,16.25501609620978,-12.318317858096094,20.39525687852762,-63.74498390379022,-172.3183178580961,183.7308510902247,5.353550141805235,54.0
10_LTAN06_800km_HOT_MY_ALL_HEAT_MY_0p5,12039.5,21.31732432238369,159.54221686234644,160.96007976395163,-43.69213742228461,-57.23035314947079,72.0021957591638,-22.37481309990092,102.31186371287565,104.72988932323732,1.0,5.800000000000001,21.31732432238369,-0.45778313765356415,21.3222391335153,21.31732432238369,159.54221686234644,160.96007976395163,160.96007976395163,57.0,1.0,0.1,4.757324908983307,-1.6804367045120614,5.0453947127558205,4.757324908983307,-1.6804367045120614,5.0453947127558205,5.0453947127558205,0.0,1.0,0.1,4.757324908983307,1.7881467794108517,5.082283856136966,4.757324908983307,1.7881467794108517,5.082283856136966,5.082283856136966,0.0,1.0,0.1,0.0,0.0,0.0,0.0,0.0,0.0,0.0,0.0,1.0,3.0,17.62518690009908,-17.68813628712435,24.970329965286993,-22.37481309990092,102.31186371287565,104.72988932323732,160.96007976395163,29.0,1.0,0.30000000000000004,1.0651874866986972,-15.442206370059935,15.478900540973157,-38.9348125133013,-55.442206370059935,67.74775179019773,5.082283856136966,2.0
10_LTAN06_800km_HOT_MY_ALL_HEAT_MY_0p5,12100.0,21.02039481863372,159.6392035860886,161.01718020115706,-102.07059094529167,-174.59989219466507,202.24620612093005,-81.05019612665795,-14.960688608576476,82.41939393014553,1.0,5.800000000000001,21.02039481863372,-0.3607964139114017,21.023490965668252,21.02039481863372,159.6392035860886,161.01718020115706,161.01718020115706,57.0,1.0,0.1,4.460395405233335,-1.583449980769899,4.73312169848049,4.460395405233335,-1.583449980769899,4.73312169848049,4.73312169848049,0.0,1.0,0.1,4.460395405233335,1.7970315557216168,4.808788785472482,4.460395405233335,1.7970315557216168,4.808788785472482,4.808788785472482,0.0,1.0,0.1,0.0,0.0,0.0,0.0,0.0,0.0,0.0,0.0,1.0,2.3000000000000003,-1.0501961266579514,-14.960688608576476,14.997503643848109,-81.05019612665795,-14.960688608576476,82.41939393014553,161.01718020115706,22.0,1.0,5.5,-17.610195540058328,-12.802860638943457,21.772281173531127,-97.61019554005833,-172.80286063894346,198.46556103861076,4.808788785472482,54.0
10_LTAN06_800km_HOT_MY_ALL_HEAT_MY_0p5,12160.5,20.71244451241072,159.72967287227632,161.06698529979414,-30.56156231247666,-42.378688556770975,52.24904147227186,-9.84911780006594,117.35098431550534,117.76357094304484,1.0,5.800000000000001,20.71244451241072,-0.2703271277236752,20.714208515791192,20.71244451241072,159.72967287227632,161.06698529979414,161.06698529979414,57.0,1.0,0.1,4.152445099010336,-1.4929806945821724,4.412685311087799,4.152445099010336,-1.4929806945821724,4.412685311087799,4.412685311087799,0.0,1.0,0.1,4.152445099010336,1.7755019656167121,4.516105349768068,4.152445099010336,1.7755019656167121,4.516105349768068,4.516105349768068,0.0,1.0,0.1,0.0,0.0,0.0,0.0,0.0,0.0,0.0,0.0,1.0,3.2,-9.84911780006594,-2.649015684494657,10.19913748982111,-9.84911780006594,117.35098431550534,117.76357094304484,161.06698529979414,31.0,1.0,0.30000000000000004,13.590882786533676,-0.6031865911542695,13.604261427253068,-26.409117213466324,-40.60318659115427,48.43614593824217,4.516105349768068,2.0
10_LTAN06_800km_HOT_MY_ALL_HEAT_MY_0p5,12221.0,20.39703225574088,159.80730373240914,161.10373444170747,-50.54761371927462,-37.69226452289739,63.053691863181726,-30.150581463533744,122.11503920951175,125.78211464166826,1.0,5.800000000000001,20.39703225574088,-0.19269626759086123,20.397942462250384,20.39703225574088,159.80730373240914,161.10373444170747,161.10373444170747,57.0,1.0,0.1,3.837032842340495,-1.4153498344493585,4.089747692349175,3.837032842340495,-1.4153498344493585,4.089747692349175,4.089747692349175,0.0,1.0,0.1,3.837032842340495,1.79129232536323,4.234566002331855,3.837032842340495,1.79129232536323,4.234566002331855,4.234566002331855,0.0,1.0,0.1,0.0,0.0,0.0,0.0,0.0,0.0,0.0,0.0,1.0,3.0,9.849418536466256,2.1150392095117496,10.07394839992032,-30.150581463533744,122.11503920951175,125.78211464166826,161.10373444170747,29.0,1.0,0.30000000000000004,-6.710580876934131,4.099027802465841,7.863455005992086,-46.71058087693413,-35.90097219753416,58.913140899027994,4.234566002331855,2.0
10_LTAN06_800km_HOT_MY_ALL_HEAT_MY_0p5,12281.5,20.0743208475174,159.8734258478123,161.12880142856216,-30.98309720447546,-75.12322814616738,81.26162513439594,-10.908776356958061,84.75019770164494,85.44938508891698,1.0,5.800000000000001,20.0743208475174,-0.1265741521876862,20.0747198860924,20.0743208475174,159.8734258478123,161.12880142856216,161.12880142856216,57.0,1.0,0.1,3.514321434117015,-1.3492277190461834,3.7644216793734517,3.514321434117015,-1.3492277190461834,3.7644216793734517,3.7644216793734517,0.0,1.0,0.1,3.514321434117015,1.7476062164322457,3.9248672117674124,3.514321434117015,1.7476062164322457,3.9248672117674124,3.9248672117674124,0.0,1.0,0.1,0.0,0.0,0.0,0.0,0.0,0.0,0.0,0.0,1.0,1.4000000000000001,-10.908776356958061,4.750197701644936,11.898141863788648,-10.908776356958061,84.75019770164494,85.44938508891698,161.12880142856216,13.0,1.0,1.3,12.531224229641555,6.624378070264868,14.174412351535484,-27.468775770358445,-73.37562192973513,78.34867922241995,3.9248672117674124,12.0
10_LTAN06_800km_HOT_MY_ALL_HEAT_MY_0p5,12342.0,19.74959126546624,159.93860208975005,161.15335179131824,-73.87897006622129,-51.587694086115306,90.1076711449599,-54.12937880075505,108.35090800363474,121.11939941465921,1.0,5.800000000000001,19.74959126546624,-0.06139791024995134,19.74968670273945,19.74959126546624,159.93860208975005,161.15335179131824,161.15335179131824,57.0,1.0,0.1,3.189591852065856,-1.2840514771084486,3.4383548942232953,3.189591852065856,-1.2840514771084486,3.4383548942232953,3.4383548942232953,0.0,1.0,0.1,3.189591852065856,1.7509266627502882,3.6385766944087847,3.189591852065856,1.7509266627502882,3.6385766944087847,3.6385766944087847,0.0,1.0,0.1,0.0,0.0,0.0,0.0,0.0,0.0,0.0,0.0,1.0,3.0,-14.129378800755049,-11.649091996365257,18.312309784268265,-54.12937880075505,108.35090800363474,121.11939941465921,161.15335179131824,29.0,1.0,2.1,9.310621785844575,-9.836767423365018,13.544359393504696,-70.68937821415543,-49.83676742336502,86.49099131998943,3.6385766944087847,20.0
10_LTAN06_800km_HOT_MY_ALL_HEAT_MY_0p5,12402.5,19.424669757081897,160.00641768826503,161.18117599956648,-15.646043625921596,5.946857663942172,16.73809419316995,3.7786261311603013,165.9532753522072,165.99628795718473,1.0,5.800000000000001,19.424669757081897,0.006417688265031529,19.424670817247193,19.424669757081897,160.00641768826503,161.18117599956648,161.18117599956648,57.0,1.0,0.1,2.8646703436815137,-1.2162358785934657,3.112164181136076,2.8646703436815137,-1.2162358785934657,3.112164181136076,3.112164181136076,0.0,1.0,0.1,2.8646703436815137,1.787857751974741,3.3767990048660783,2.8646703436815137,1.787857751974741,3.3767990048660783,3.3767990048660783,0.0,1.0,0.1,0.0,0.0,0.0,0.0,0.0,0.0,0.0,0.0,1.0,5.800000000000001,3.7786261311603013,5.953275352207214,7.051205773361418,3.7786261311603013,165.9532753522072,165.99628795718473,161.18117599956648,57.0,1.0,0.1,-12.781373282240082,7.734715415916924,14.939522266296988,-12.781373282240082,7.734715415916924,14.939522266296988,3.3767990048660783,0.0
10_LTAN06_800km_HOT_MY_ALL_HEAT_MY_0p5,12463.0,19.09972003591384,160.07640880035706,161.2118356693122,-78.3417398663415,-32.590802820376666,84.85038970895886,-59.24201983042766,127.48560597998039,140.5780802460739,1.0,5.800000000000001,19.09972003591384,0.07640880035705777,19.099872872746054,19.09972003591384,160.07640880035706,161.2118356693122,161.2118356693122,57.0,1.0,0.1,2.5397206225134568,-1.1462447665014395,2.7864059117709465,2.5397206225134568,-1.1462447665014395,2.7864059117709465,2.7864059117709465,0.0,1.0,0.1,2.5397206225134568,1.7767497922968687,3.09951942482171,2.5397206225134568,1.7767497922968687,3.09951942482171,3.09951942482171,0.0,1.0,0.1,0.0,0.0,0.0,0.0,0.0,0.0,0.0,0.0,1.0,2.8000000000000003,20.757980169572342,7.485605979980392,22.066445966849233,-59.24201983042766,127.48560597998039,140.5780802460739,161.2118356693122,27.0,1.0,2.1,4.197980756171958,9.185946971920202,10.09973584803682,-75.80201924382804,-30.814053028079798,81.82574158209012,3.09951942482171,20.0
10_LTAN06_800km_HOT_MY_ALL_HEAT_MY_0p5,12523.5,18.778054278548865,160.15086734932717,161.2479942052921,-34.57327045053898,-69.20584884091554,77.36123411268568,-15.795216171990113,90.94501850841164,92.30647455847955,1.0,5.800000000000001,18.778054278548865,0.1508673493271715,18.778660320832802,18.778054278548865,160.15086734932717,161.2479942052921,161.2479942052921,57.0,1.0,0.1,2.2180548651484813,-1.0717862175313257,2.4634311601704955,2.2180548651484813,-1.0717862175313257,2.4634311601704955,2.4634311601704955,0.0,1.0,0.1,2.2180548651484813,1.7916224831013494,2.851259109018872,2.2180548651484813,1.7916224831013494,2.851259109018872,2.851259109018872,0.0,1.0,0.1,0.0,0.0,0.0,0.0,0.0,0.0,0.0,0.0,1.0,1.4000000000000001,-15.795216171990113,10.945018508411636,19.21671886845856,-15.795216171990113,90.94501850841164,92.30647455847955,161.2479942052921,13.0,1.0,1.3,7.644784414609504,12.585773642185814,14.725638421413027,-32.355215585390496,-67.41422635781419,74.77658651609944,2.851259109018872,12.0
10_LTAN06_800km_HOT_MY_ALL_HEAT_MY_0p5,12584.0,18.46006060332604,160.22974604242066,161.2896318871647,-4.611579017964559,-104.30497154452156,104.40686639269653,13.84848158536148,55.924774497899094,57.613894546896944,1.0,5.800000000000001,18.46006060332604,0.22974604242065766,18.46149020860662,18.46006060332604,160.22974604242066,161.2896318871647,161.2896318871647,57.0,1.0,0.1,1.9000611899256548,-0.9929075244378396,2.1438511789643826,1.9000611899256548,-0.9929075244378396,2.1438511789643826,2.1438511789643826,0.0,1.0,0.1,1.9000611899256548,1.7870336844001429,2.608394509011711,1.9000611899256548,1.7870336844001429,2.608394509011711,2.608394509011711,0.0,1.0,0.1,0.0,0.0,0.0,0.0,0.0,0.0,0.0,0.0,1.0,0.4,13.84848158536148,15.924774497899094,21.10400163544898,13.84848158536148,55.924774497899094,57.613894546896944,161.2896318871647,3.0,1.0,1.5,-2.711517828038904,-22.51793786012142,22.68060524774554,-2.711517828038904,-102.51793786012142,102.55379033474819,2.608394509011711,14.0
10_LTAN06_800km_HOT_MY_ALL_HEAT_MY_0p5,12644.5,18.146226052467394,160.3131813028826,161.33691957948795,-11.1601787986699,-25.688676598267183,28.008171953710956,6.986047253797494,134.62450470461542,134.80564573932097,1.0,5.800000000000001,18.146226052467394,0.3131813028826116,18.148928411223668,18.146226052467394,160.3131813028826,161.33691957948795,161.33691957948795,57.0,1.0,0.1,1.5862266390670108,-0.9094722639758857,1.828456931247561,1.5862266390670108,-0.9094722639758857,1.828456931247561,1.828456931247561,0.0,1.0,0.1,1.5862266390670108,1.7847668663301306,2.3877830130972324,1.5862266390670108,1.7847668663301306,2.3877830130972324,2.3877830130972324,0.0,1.0,0.1,0.0,0.0,0.0,0.0,0.0,0.0,0.0,0.0,1.0,3.2,6.986047253797494,14.624504704615418,16.20743638234036,6.986047253797494,134.62450470461542,134.80564573932097,161.33691957948795,31.0,1.0,0.5,-9.57395215960289,16.096090268062937,18.72817881888133,-9.57395215960289,-23.903909731937063,25.749902144026883,2.3877830130972324,4.0
10_LTAN06_800km_HOT_MY_ALL_HEAT_MY_0p5,12705.0,17.83951101444403,160.40371244146738,161.39268607418188,-102.90411093865593,-87.51206048518651,135.08373987433924,-85.0645999242119,72.89165195628087,112.02311852997941,1.0,5.800000000000001,17.83951101444403,0.40371244146737695,17.844078484748533,17.83951101444403,160.40371244146738,161.39268607418188,161.39268607418188,57.0,1.0,0.1,1.279511601043648,-0.8189411253911203,1.5191492698422213,1.279511601043648,-0.8189411253911203,1.5191492698422213,1.5191492698422213,0.0,1.0,0.1,1.279511601043648,1.7894779345844825,2.199859362679811,1.279511601043648,1.7894779345844825,2.199859362679811,2.199859362679811,0.0,1.0,0.1,0.0,0.0,0.0,0.0,0.0,0.0,0.0,0.0,1.0,1.0,-5.064599924211905,-7.108348043719133,8.728045846750168,-85.0645999242119,72.89165195628087,112.02311852997941,161.39268607418188,9.0,1.0,1.1,-21.624599337612295,-5.722582550602027,22.368979582464572,-101.6245993376123,-85.72258255060203,132.95081928922068,2.199859362679811,10.0
10_LTAN06_800km_HOT_MY_ALL_HEAT_MY_0p5,12765.5,17.53972314169098,160.50072645754227,161.45626367931962,-49.25572842977317,34.81433250809742,60.31719929781168,-31.71600528808219,195.3150589656397,197.87338691745532,1.0,5.800000000000001,17.53972314169098,0.500726457542271,17.54686909030933,17.53972314169098,160.50072645754227,161.45626367931962,161.45626367931962,57.0,1.0,0.1,0.9797237282905975,-0.7219271093162263,1.2169787734144384,0.9797237282905975,-0.7219271093162263,1.2169787734144384,1.2169787734144384,0.0,1.0,0.1,0.9797237282905975,1.8006599406824364,2.049935317456164,0.9797237282905975,1.8006599406824364,2.049935317456164,2.049935317456164,0.0,1.0,0.1,0.0,0.0,0.0,0.0,0.0,0.0,0.0,0.0,1.0,9.0,8.28399471191781,-4.684941034360293,9.516997472024206,-31.71600528808219,195.3150589656397,197.87338691745532,161.45626367931962,89.0,1.0,0.2,-8.276004701482577,-3.385007551220127,8.941506021961793,-48.27600470148258,36.61499244877987,60.59067834214909,2.049935317456164,1.0
10_LTAN06_800km_HOT_MY_ALL_HEAT_MY_0p5,12826.0,17.247746924906178,160.60316287941092,161.52665631670894,-179.99427397497095,-19.852915720348488,181.08582751385092,-162.74652705006477,140.75024715906244,215.1675257611953,1.0,5.800000000000001,17.247746924906178,0.6031628794109167,17.258290165735126,17.247746924906178,160.60316287941092,161.52665631670894,161.52665631670894,57.0,1.0,0.1,0.687747511505794,-0.6194906874475805,0.9256162009260038,0.687747511505794,-0.6194906874475805,0.9256162009260038,0.9256162009260038,0.0,1.0,0.1,0.687747511505794,1.8172643525749663,1.943050788508145,0.687747511505794,1.8172643525749663,1.943050788508145,1.943050788508145,0.0,1.0,0.1,0.0,0.0,0.0,0.0,0.0,0.0,0.0,0.0,1.0,5.0,-2.7465270500647705,-19.24975284093756,19.444700956145383,-162.74652705006477,140.75024715906244,215.1675257611953,161.52665631670894,49.0,0.0,nan,nan,nan,nan,-179.30652646346516,-18.03565136777351,180.21130695007238,1.943050788508145,nan
10_LTAN06_800km_HOT_MY_ALL_HEAT_MY_0p5,12886.5,16.965355109487888,160.70916815389606,161.60216583544994,7.5008120042122925,-162.2107500768659,162.384080565867,24.46616711370018,-1.501581922969848,24.512202706139938,1.0,5.800000000000001,16.965355109487888,0.7091681538960586,16.980170595772208,16.965355109487888,160.70916815389606,161.60216583544994,161.60216583544994,57.0,1.0,0.1,0.4053556960875042,-0.5134854129624387,0.6542021932673348,0.4053556960875042,-0.5134854129624387,0.6542021932673348,0.6542021932673348,0.0,1.0,0.1,0.4053556960875042,1.8375673144177824,1.8817456989102344,0.4053556960875042,1.8375673144177824,1.8817456989102344,1.8817456989102344,0.0,1.0,0.1,0.0,0.0,0.0,0.0,0.0,0.0,0.0,0.0,1.0,0.1,24.46616711370018,-1.501581922969848,24.512202706139938,24.46616711370018,-1.501581922969848,24.512202706139938,161.60216583544994,0.0,1.0,5.9,7.906167700299797,-0.3731827624481241,7.914970188159409,7.906167700299797,-160.37318276244812,160.5679458580163,1.8817456989102344,58.0
10_LTAN06_800km_HOT_MY_ALL_HEAT_MY_0p5,12947.0,16.692017999381864,160.81904605548033,161.6829893312416,-110.43518864653355,-145.72952819844045,182.84700238269016,-93.74317064715169,15.08951785703988,94.94985830499658,1.0,5.800000000000001,16.692017999381864,0.819046055480328,16.712100446463516,16.692017999381864,160.81904605548033,161.6829893312416,161.6829893312416,57.0,1.0,0.1,0.13201858598148064,-0.4036075113781692,0.4246503623987958,0.13201858598148064,-0.4036075113781692,0.4246503623987958,0.4246503623987958,0.0,1.0,0.1,0.13201858598148064,1.809322237615362,1.8141322627013747,0.13201858598148064,1.809322237615362,1.8141322627013747,1.8141322627013747,0.0,1.0,0.1,0.0,0.0,0.0,0.0,0.0,0.0,0.0,0.0,1.0,2.3000000000000003,-13.743170647151686,15.08951785703988,20.410004620152762,-93.74317064715169,15.08951785703988,94.94985830499658,161.6829893312416,22.0,1.0,5.300000000000001,9.696829939447923,16.079794039174914,18.7773344012631,-110.30317006055208,-143.9202059608251,181.32792120689354,1.8141322627013747,52.0
10_LTAN06_800km_HOT_MY_ALL_HEAT_MY_0p5,13007.5,16.42868782389008,160.93135958362643,161.76774796308845,6.313601658776684,-24.461501148755055,25.26314715858364,22.742289482666763,136.46985843487138,138.35184853173178,1.0,5.800000000000001,16.42868782389008,0.9313595836264312,16.455066523379568,16.42868782389008,160.93135958362643,161.76774796308845,161.76774796308845,57.0,1.0,0.1,-0.13131158951030386,-0.291293983232066,0.31952295411585957,-0.13131158951030386,-0.291293983232066,0.31952295411585957,0.31952295411585957,0.0,1.0,0.1,-0.13131158951030386,1.8047339868834342,1.8095047656615604,-0.13131158951030386,1.8047339868834342,1.8095047656615604,1.8095047656615604,0.0,1.0,0.1,0.0,0.0,0.0,0.0,0.0,0.0,0.0,0.0,1.0,3.4000000000000004,-17.257710517333237,16.469858434871384,23.85549851008732,22.742289482666763,136.46985843487138,138.35184853173178,161.76774796308845,33.0,1.0,0.1,6.182290069266379,-22.656767161871613,23.485097588211413,6.182290069266379,-22.656767161871613,23.485097588211413,1.8095047656615604,0.0
10_LTAN06_800km_HOT_MY_ALL_HEAT_MY_0p5,13068.0,16.1756855244738,161.04502280122452,161.85534335088724,-82.58013880019548,-104.16580851623458,132.92853338580247,-66.40445327572169,56.87921428498994,87.4345265471559,1.0,5.800000000000001,16.1756855244738,1.045022801224519,16.209406986122296,16.1756855244738,161.04502280122452,161.85534335088724,161.85534335088724,57.0,1.0,0.1,-0.38431388892658447,-0.17763076563397817,0.4233790903216506,-0.38431388892658447,-0.17763076563397817,0.4233790903216506,0.4233790903216506,0.0,1.0,0.1,-0.38431388892658447,1.8039545245131023,1.8444373374374008,-0.38431388892658447,1.8039545245131023,1.8444373374374008,1.8444373374374008,0.0,1.0,0.1,0.0,0.0,0.0,0.0,0.0,0.0,0.0,0.0,1.0,2.5,13.595546724278307,16.879214284989942,21.67364218608961,-66.40445327572169,56.87921428498994,87.4345265471559,161.85534335088724,24.0,1.0,1.1,-2.9644526891220835,-22.361853991721475,22.557493071995232,-82.96445268912208,-102.36185399172147,131.761335613404,1.8444373374374008,10.0
10_LTAN06_800km_HOT_MY_ALL_HEAT_MY_0p5,13128.5,15.93220492929698,161.16007936591475,161.94568946142735,-46.2409721807705,-61.19095826934825,76.69785448201215,-30.30876725147352,99.96912109656651,104.46265622280517,1.0,5.800000000000001,15.93220492929698,1.1600793659147541,15.974383807970064,15.93220492929698,161.16007936591475,161.94568946142735,161.94568946142735,57.0,1.0,0.1,-0.6277944841034042,-0.06257420094374311,0.6309052582554748,-0.6277944841034042,-0.06257420094374311,0.6309052582554748,0.6309052582554748,0.0,1.0,0.1,-0.6277944841034042,1.8047410268666795,1.9108155558102555,-0.6277944841034042,1.8047410268666795,1.9108155558102555,1.9108155558102555,0.0,1.0,0.1,0.0,0.0,0.0,0.0,0.0,0.0,0.0,0.0,1.0,1.2000000000000002,9.691232748526481,19.96912109656651,22.19652652005376,-30.30876725147352,99.96912109656651,104.46265622280517,161.94568946142735,11.0,1.0,0.30000000000000004,-6.8687666648739025,-19.386217242481564,20.567094458604803,-46.8687666648739,-59.386217242481564,75.65318292747246,1.9108155558102555,2.0
10_LTAN06_800km_HOT_MY_ALL_HEAT_MY_0p5,13189.0,15.698617664826212,161.27893943173936,162.0411765595802,-32.92222613773616,-209.1373841713591,211.7128206602115,-17.223608472909948,-47.85844473961973,50.86337996754965,1.0,5.800000000000001,15.698617664826212,1.27893943173936,15.750628008319268,15.698617664826212,161.27893943173936,162.0411765595802,162.0411765595802,57.0,1.0,0.1,-0.8613817485741713,0.056285864880862846,0.8632187529022314,-0.8613817485741713,0.056285864880862846,0.8632187529022314,0.8632187529022314,0.0,1.0,0.1,-0.8613817485741713,1.8352792372660645,2.027369822088857,-0.8613817485741713,1.8352792372660645,2.027369822088857,2.027369822088857,0.0,1.0,0.1,0.0,0.0,0.0,0.0,0.0,0.0,0.0,0.0,1.0,0.30000000000000004,22.776391527090052,-7.858444739619728,24.093965317501322,-17.223608472909948,-47.85844473961973,50.86337996754965,162.0411765595802,2.0,1.0,9.1,6.216392113689665,-7.302104934093023,9.589800174125044,-33.783607886310335,-207.30210493409302,210.03688931214364,2.027369822088857,90.0
10_LTAN06_800km_HOT_MY_ALL_HEAT_MY_0p5,13249.5,15.474632043768484,161.40193041930112,162.14205925658817,19.90148404257572,11.010057007218261,22.744019486429657,35.376116086344204,172.41198742651937,176.00387211001004,1.0,5.800000000000001,15.474632043768484,1.4019304193011237,15.538006493453018,15.474632043768484,161.40193041930112,162.14205925658817,162.14205925658817,57.0,1.0,0.1,-1.0853673696319,0.17927685244262648,1.100073868830364,-1.0853673696319,0.17927685244262648,1.100073868830364,1.100073868830364,0.0,1.0,0.1,-1.0853673696319,1.8463339341302571,2.1417215793334536,-1.0853673696319,1.8463339341302571,2.1417215793334536,2.1417215793334536,0.0,1.0,0.1,0.0,0.0,0.0,0.0,0.0,0.0,0.0,0.0,1.0,6.0,-4.623883913655796,12.411987426519374,13.24529102447507,35.376116086344204,172.41198742651937,176.00387211001004,162.14205925658817,59.0,1.0,0.1,18.81611667294382,12.856390941348508,22.78887962771804,18.81611667294382,12.856390941348508,22.78887962771804,2.1417215793334536,0.0
10_LTAN06_800km_HOT_MY_ALL_HEAT_MY_0p5,13310.0,15.25956330490127,161.52894318777578,162.24812405576833,58.0105614194395,-18.556652849135382,60.90627719013769,73.27012472434077,142.9722903386404,160.65362424108875,1.0,5.800000000000001,15.25956330490127,1.5289431877757806,15.335968816078603,15.25956330490127,161.52894318777578,162.24812405576833,162.24812405576833,57.0,1.0,0.1,-1.3004361084991132,0.3062896209172834,1.3360192379490539,-1.3004361084991132,0.3062896209172834,1.3360192379490539,1.3360192379490539,0.0,1.0,0.1,-1.3004361084991132,1.8327997419162614,2.24728479865295,-1.3004361084991132,1.8327997419162614,2.24728479865295,2.24728479865295,0.0,1.0,0.1,0.0,0.0,0.0,0.0,0.0,0.0,0.0,0.0,1.0,3.6,-6.729875275659225,22.97229033864039,23.937780695559898,73.27012472434077,142.9722903386404,160.65362424108875,162.24812405576833,35.0,1.0,0.8,16.71012531094039,-16.723853107219128,23.641394854347606,56.71012531094039,-16.723853107219128,59.124661314331476,2.24728479865295,7.0
10_LTAN06_800km_HOT_MY_ALL_HEAT_MY_0p5,13370.5,15.052676164847789,161.65491185982057,162.35422257560822,-33.81243260545574,-31.892149637497763,46.47999362305287,-18.75975644060795,129.7627622223228,131.11179550779562,1.0,5.800000000000001,15.052676164847789,1.6549118598205723,15.143374557460813,15.052676164847789,161.65491185982057,162.35422257560822,162.35422257560822,57.0,1.0,0.1,-1.507323248552595,0.4322582929620751,1.5680786356116312,-1.507323248552595,0.4322582929620751,1.5680786356116312,1.5680786356116312,0.0,1.0,0.1,-1.507323248552595,1.8418193447197382,2.3799835869625223,-1.507323248552595,1.8418193447197382,2.3799835869625223,2.3799835869625223,0.0,1.0,0.1,0.0,0.0,0.0,0.0,0.0,0.0,0.0,0.0,1.0,3.0,21.24024355939205,9.762762222322806,23.376472631085914,-18.75975644060795,129.7627622223228,131.11179550779562,162.35422257560822,29.0,1.0,0.30000000000000004,4.680244145991665,9.949669707221972,10.995481460531858,-35.319755854008335,-30.05033029277803,46.37356471408909,2.3799835869625223,2.0
10_LTAN06_800km_HOT_MY_ALL_HEAT_MY_0p5,13431.0,14.85407128755148,161.7796872747162,162.4601817323883,22.43032814923372,-133.0827444121113,134.95975874734532,37.2843994367852,28.696942862604885,47.04934612745812,1.0,5.800000000000001,14.85407128755148,1.7796872747161956,14.96030483016466,14.85407128755148,161.7796872747162,162.4601817323883,162.4601817323883,57.0,1.0,0.1,-1.705928125848903,0.5570337078576983,1.7945688402098277,-1.705928125848903,0.5570337078576983,1.7945688402098277,1.7945688402098277,0.0,1.0,0.1,-1.705928125848903,1.826263180782206,2.4990854279202,-1.705928125848903,1.826263180782206,2.4990854279202,2.4990854279202,0.0,1.0,0.1,0.0,0.0,0.0,0.0,0.0,0.0,0.0,0.0,1.0,0.6000000000000001,-2.7156005632147995,-11.303057137395115,11.6246972893986,37.2843994367852,28.696942862604885,47.04934612745812,162.4601817323883,5.0,1.0,3.3000000000000003,20.724400023384817,-11.256481231329104,23.584086288014994,20.724400023384817,-131.2564812313291,132.88252188139538,2.4990854279202,32.0
10_LTAN06_800km_HOT_MY_ALL_HEAT_MY_0p5,13491.5,14.664335833910997,161.90256002806626,162.56531514776245,-68.92944392071674,-22.047751857249644,72.36968703247298,-54.26510808680574,139.85480817081663,150.0135638006398,1.0,5.800000000000001,14.664335833910997,1.9025600280662616,14.787240449459176,14.664335833910997,161.90256002806626,162.56531514776245,162.56531514776245,57.0,1.0,0.1,-1.895663579489387,0.6799064612077643,2.013904963645152,-1.895663579489387,0.6799064612077643,2.013904963645152,2.013904963645152,0.0,1.0,0.1,-1.895663579489387,1.806103654134489,2.61831067982401,-1.895663579489387,1.806103654134489,2.61831067982401,2.61831067982401,0.0,1.0,0.1,0.0,0.0,0.0,0.0,0.0,0.0,0.0,0.0,1.0,3.0,-14.26510808680574,19.854808170816625,24.448041153192154,-54.26510808680574,139.85480817081663,150.0135638006398,162.56531514776245,29.0,1.0,2.1,9.174892499793884,19.758351796884853,21.78465327041578,-70.82510750020612,-20.241648203115147,73.6608455992356,2.61831067982401,20.0
10_LTAN06_800km_HOT_MY_ALL_HEAT_MY_0p5,13552.0,14.484541594615688,162.0221422300175,162.66830213047092,-30.627732765563746,96.71377308332828,101.4475821218638,-16.143191170948057,258.7359153133458,259.2390335081055,1.0,5.800000000000001,14.484541594615688,2.0221422300174936,14.625012971090731,14.484541594615688,162.0221422300175,162.66830213047092,162.66830213047092,57.0,1.0,0.1,-2.0754578187846953,0.7994886631589964,2.224119439255519,-2.0754578187846953,0.7994886631589964,2.224119439255519,2.224119439255519,0.0,1.0,0.1,-2.0754578187846953,1.8347464868376733,2.770166029052719,-2.0754578187846953,1.8347464868376733,2.770166029052719,2.770166029052719,0.0,1.0,0.1,0.0,0.0,0.0,0.0,0.0,0.0,0.0,0.0,1.0,13.4,-16.143191170948057,18.7359153133458,24.73129887027046,-16.143191170948057,258.7359153133458,259.2390335081055,162.66830213047092,133.0,1.0,1.2000000000000002,7.296809415651559,18.54851957016598,19.932160090997954,-32.70319058434844,98.54851957016598,103.83308424518461,2.770166029052719,11.0
10_LTAN06_800km_HOT_MY_ALL_HEAT_MY_0p5,13612.5,14.31383386144809,162.13849208920544,162.76908937748124,-85.69775900251116,-36.39314761085053,93.10513998205276,-71.38392514106307,125.74534447835492,144.59445503381187,1.0,5.800000000000001,14.31383386144809,2.1384920892054424,14.472698028658382,14.31383386144809,162.13849208920544,162.76908937748124,162.76908937748124,57.0,1.0,0.1,-2.246165551952293,0.9158385223469452,2.425699875456934,-2.246165551952293,0.9158385223469452,2.425699875456934,2.425699875456934,0.0,1.0,0.1,-2.246165551952293,1.8131503553364041,2.8866544472509483,-2.246165551952293,1.8131503553364041,2.8866544472509483,2.8866544472509483,0.0,1.0,0.1,0.0,0.0,0.0,0.0,0.0,0.0,0.0,0.0,1.0,2.8000000000000003,8.616074858936926,5.745344478354923,10.355951387958925,-71.38392514106307,125.74534447835492,144.59445503381187,162.76908937748124,27.0,1.0,2.1,-7.94392455446345,5.420002744485885,9.616775295141395,-87.94392455446345,-34.579997255514115,94.49820144443238,2.8866544472509483,20.0
10_LTAN06_800km_HOT_MY_ALL_HEAT_MY_0p5,13673.0,14.151974056907076,162.24864464838842,162.86467100002503,-73.16839905601032,-117.47242023555887,138.39575187273385,-59.016424999103236,44.77622441282955,74.08001547207486,1.0,5.800000000000001,14.151974056907076,2.248644648388421,14.329507055795633,14.151974056907076,162.24864464838842,162.86467100002503,162.86467100002503,57.0,1.0,0.1,-2.408025356493308,1.0259910815299236,2.61748807387802,-2.408025356493308,1.0259910815299236,2.61748807387802,2.61748807387802,0.0,1.0,0.1,-2.408025356493308,1.8064785482503396,3.0103074365923788,-2.408025356493308,1.8064785482503396,3.0103074365923788,3.0103074365923788,0.0,1.0,0.1,0.0,0.0,0.0,0.0,0.0,0.0,0.0,0.0,1.0,0.2,-19.016424999103236,4.776224412829549,19.607058407324324,-59.016424999103236,44.77622441282955,74.08001547207486,162.86467100002503,1.0,1.0,2.9000000000000004,4.423575587496373,4.334058312691468,6.192905815213396,-75.57642441250363,-115.66594168730853,138.1680353532999,3.0103074365923788,28.0
10_LTAN06_800km_HOT_MY_ALL_HEAT_MY_0p5,13733.5,13.99923308624452,162.3496767925524,162.95212818999704,-13.74367233386548,-85.07417000456473,86.1771601480708,0.25556075237903997,77.27550678798767,77.27592937414913,1.0,5.800000000000001,13.99923308624452,2.349676792552401,14.195052237750398,13.99923308624452,162.3496767925524,162.95212818999704,162.95212818999704,57.0,1.0,0.1,-2.5607663271558643,1.127023225693904,2.797803698179847,-2.5607663271558643,1.127023225693904,2.797803698179847,2.797803698179847,0.0,1.0,0.1,-2.5607663271558643,1.7670754805718332,3.1112826834496268,-2.5607663271558643,1.7670754805718332,3.1112826834496268,3.1112826834496268,0.0,1.0,0.1,0.0,0.0,0.0,0.0,0.0,0.0,0.0,0.0,1.0,1.4000000000000001,0.25556075237903997,-2.7244932120123337,2.736452915812334,0.25556075237903997,77.27550678798767,77.27592937414913,162.95212818999704,13.0,1.0,1.3,23.695561338978656,-3.3070945239929017,23.925227300068098,-16.304438661021344,-83.3070945239929,84.88761227694236,3.1112826834496268,12.0
10_LTAN06_800km_HOT_MY_ALL_HEAT_MY_0p5,13794.0,13.855093354229302,162.44230883981365,163.0321051604984,-118.02816303070382,-3.066929547879777,118.06800296970411,-104.17306967647453,159.37537929193388,190.40099781846575,1.0,5.800000000000001,13.855093354229302,2.4423088398136485,14.068705851052572,13.855093354229302,162.44230883981365,163.0321051604984,163.0321051604984,57.0,1.0,0.1,-2.7049060591710816,1.2196552729551513,2.9671662868446953,-2.7049060591710816,1.2196552729551513,2.9671662868446953,2.9671662868446953,0.0,1.0,0.1,-2.7049060591710816,1.7686735778576406,3.2318296696998403,-2.7049060591710816,1.7686735778576406,3.2318296696998403,3.2318296696998403,0.0,1.0,0.1,0.0,0.0,0.0,0.0,0.0,0.0,0.0,0.0,1.0,5.2,15.826930323525474,-0.6246207080661179,15.839251071142069,-104.17306967647453,159.37537929193388,190.40099781846575,163.0321051604984,51.0,1.0,4.5,-0.7330690898749026,-1.298255970022126,1.4909255025748633,-120.7330690898749,-1.298255970022126,120.74004903272238,3.2318296696998403,44.0
10_LTAN06_800km_HOT_MY_ALL_HEAT_MY_0p5,13854.5,13.719089276441922,162.5259732687334,163.10397112738863,-105.54476974447971,-2.832260032247664,105.58276430036064,-91.82568046803779,159.69371323648573,184.2119367486133,1.0,5.800000000000001,13.719089276441922,2.525973268733395,13.949693599837218,13.719089276441922,162.5259732687334,163.10397112738863,163.10397112738863,57.0,1.0,0.1,-2.8409101369584615,1.3033197018748979,3.125605965499909,-2.8409101369584615,1.3033197018748979,3.125605965499909,3.125605965499909,0.0,1.0,0.1,-2.8409101369584615,1.7404962968084305,3.331680921918725,-2.8409101369584615,1.7404962968084305,3.331680921918725,3.331680921918725,0.0,1.0,0.1,0.0,0.0,0.0,0.0,0.0,0.0,0.0,0.0,1.0,5.4,-11.825680468037788,-0.3062867635142652,11.8296462378904,-91.82568046803779,159.69371323648573,184.2119367486133,163.10397112738863,53.0,1.0,4.5,11.614320118561835,-1.0917637354392298,11.665520985813297,-108.38567988143816,-1.0917637354392298,108.39117838373937,3.331680921918725,44.0
10_LTAN06_800km_HOT_MY_ALL_HEAT_MY_0p5,13915.0,13.590719166045876,162.6002589866536,163.1672512178138,-13.663825754671828,-122.09908618133389,122.8612509319795,-0.07310658862595254,40.501172805319726,40.501238785741734,1.0,5.800000000000001,13.590719166045876,2.600258986653614,13.83723217439093,13.590719166045876,162.6002589866536,163.1672512178138,163.1672512178138,57.0,1.0,0.1,-2.969280247354508,1.3776054197951169,3.2732891531269472,-2.969280247354508,1.3776054197951169,3.2732891531269472,3.2732891531269472,0.0,1.0,0.1,-2.969280247354508,1.7524445753394673,3.44785254571108,-2.969280247354508,1.7524445753394673,3.44785254571108,3.44785254571108,0.0,1.0,0.1,0.0,0.0,0.0,0.0,0.0,0.0,0.0,0.0,1.0,0.4,-0.07310658862595254,0.501172805319726,0.5064768050884149,-0.07310658862595254,40.501172805319726,40.501238785741734,163.1672512178138,3.0,1.0,3.1,23.366893997973662,-0.34664160599442084,23.369465024162274,-16.633106002026338,-120.34664160599442,121.49063487000268,3.44785254571108,30.0
10_LTAN06_800km_HOT_MY_ALL_HEAT_MY_0p5,13975.5,13.469823403919856,162.66519691666463,163.22194224573505,-66.28696127147983,-21.25345552160871,69.61085121025073,-52.81713786755997,141.4117413950559,150.95340558232866,1.0,5.800000000000001,13.469823403919856,2.6651969166646268,13.73096563018733,13.469823403919856,162.66519691666463,163.22194224573505,163.22194224573505,57.0,1.0,0.1,-3.090176009480528,1.4425433498061295,3.4102960407622813,-3.090176009480528,1.4425433498061295,3.4102960407622813,3.4102960407622813,0.0,1.0,0.1,-3.090176009480528,1.7342074958705211,3.543538261159671,-3.090176009480528,1.7342074958705211,3.543538261159671,3.543538261159671,0.0,1.0,0.1,0.0,0.0,0.0,0.0,0.0,0.0,0.0,0.0,1.0,3.0,-12.817137867559971,21.411741395055913,24.954792980203035,-52.81713786755997,141.4117413950559,150.95340558232866,163.22194224573505,29.0,1.0,2.1,10.622862719039645,20.480751974261807,23.07176659423355,-69.37713728096035,-19.519248025738193,72.07071680503465,3.543538261159671,20.0
10_LTAN06_800km_HOT_MY_ALL_HEAT_MY_0p5,14036.0,13.35542425879528,162.72038142626627,163.26754082989675,-8.289651661170865,-104.59860536463363,104.92657703789787,5.065772597624415,58.121776061632644,58.34211947272241,1.0,5.800000000000001,13.35542425879528,2.7203814262662718,13.62966735605796,13.35542425879528,162.72038142626627,163.26754082989675,163.26754082989675,57.0,1.0,0.1,-3.204575154605104,1.4977278594077745,3.5372999112824064,-3.204575154605104,1.4977278594077745,3.5372999112824064,3.5372999112824064,0.0,1.0,0.1,-3.204575154605104,1.7295224051240154,3.6415037651138418,-3.204575154605104,1.7295224051240154,3.6415037651138418,3.6415037651138418,0.0,1.0,0.1,0.0,0.0,0.0,0.0,0.0,0.0,0.0,0.0,1.0,0.4,5.065772597624415,18.121776061632644,18.816503916477267,5.065772597624415,58.121776061632644,58.34211947272241,163.26754082989675,3.0,1.0,3.3000000000000003,-11.494226815775969,17.130917040490388,20.629725367553185,-11.494226815775969,-102.86908295950961,103.50925310822687,3.6415037651138418,32.0
10_LTAN06_800km_HOT_MY_ALL_HEAT_MY_0p5,14096.5,13.247770593290054,162.7665182830997,163.3047546757138,-17.82615158035343,61.541941387878865,64.07169601278598,-4.578380987063374,224.30845967097858,224.35517968709732,1.0,5.800000000000001,13.247770593290054,2.766518283099714,13.53355271549809,13.247770593290054,162.7665182830997,163.3047546757138,163.3047546757138,57.0,1.0,0.1,-3.312228820110329,1.5438647162412167,3.654364242768369,-3.312228820110329,1.5438647162412167,3.654364242768369,3.654364242768369,0.0,1.0,0.1,-3.312228820110329,1.744400331602833,3.7435000031608836,-3.312228820110329,1.744400331602833,3.7435000031608836,3.7435000031608836,0.0,1.0,0.1,0.0,0.0,0.0,0.0,0.0,0.0,0.0,0.0,1.0,9.200000000000001,-4.578380987063374,24.30845967097858,24.735860284984945,-4.578380987063374,224.30845967097858,224.35517968709732,163.3047546757138,91.0,0.0,nan,nan,nan,nan,-21.13838040046376,63.2863417194817,66.72325062667227,3.7435000031608836,nan
10_LTAN06_800km_HOT_MY_ALL_HEAT_MY_0p5,14157.0,13.147477227317294,162.80327461187707,163.33328620276114,-14.162807805081783,-22.112099998109052,26.258904989547066,-1.0153305777644892,140.69117461376803,140.6948382506761,1.0,5.800000000000001,13.147477227317294,2.8032746118770717,13.44300955859295,13.147477227317294,162.80327461187707,163.33328620276114,163.33328620276114,57.0,1.0,0.1,-3.4125221860830894,1.5806210450185745,3.7608071684765916,-3.4125221860830894,1.5806210450185745,3.7608071684765916,3.7608071684765916,0.0,1.0,0.1,-3.4125221860830894,1.7266692652787867,3.824486164462841,-3.4125221860830894,1.7266692652787867,3.824486164462841,3.824486164462841,0.0,1.0,0.1,0.0,0.0,0.0,0.0,0.0,0.0,0.0,0.0,1.0,3.2,-1.0153305777644892,20.691174613768027,20.716071130394923,-1.0153305777644892,140.69117461376803,140.6948382506761,163.33328620276114,31.0,0.0,nan,nan,nan,nan,-17.57532999116487,-20.385430732830258,26.91575766091974,3.824486164462841,nan
10_LTAN06_800km_HOT_MY_ALL_HEAT_MY_0p5,14217.5,13.05672557264049,162.82752357043998,163.35017757799173,26.206716393703495,-123.85220319841424,126.59447152716147,39.26344196634398,38.975320372025735,55.323534532299234,1.0,5.800000000000001,13.05672557264049,2.827523570439979,13.359377688374476,13.05672557264049,162.82752357043998,163.35017757799173,163.35017757799173,57.0,1.0,0.1,-3.503273840759894,1.6048700035814818,3.853379728465416,-3.503273840759894,1.6048700035814818,3.853379728465416,3.853379728465416,0.0,1.0,0.1,-3.503273840759894,1.7714511378620443,3.9256804170978192,-3.503273840759894,1.7714511378620443,3.9256804170978192,3.9256804170978192,0.0,1.0,0.1,0.0,0.0,0.0,0.0,0.0,0.0,0.0,0.0,1.0,0.6000000000000001,-0.7365580336560171,-1.0246796279742654,1.2619374298786359,39.26344196634398,38.975320372025735,55.323534532299234,163.35017757799173,5.0,1.0,3.3000000000000003,22.7034425529436,-2.0807520605522,22.798592783158842,22.7034425529436,-122.0807520605522,124.17389551522024,3.9256804170978192,32.0
10_LTAN06_800km_HOT_MY_ALL_HEAT_MY_0p5,14278.0,12.974732101402752,162.8397508288666,163.35583284079738,-68.88388873996784,-72.69018631450817,100.14416265753177,-55.90915663856509,90.14956451435845,106.07911094161791,1.0,5.800000000000001,12.974732101402752,2.839750828866613,13.281861988185982,12.974732101402752,162.8397508288666,163.35583284079738,163.35583284079738,57.0,1.0,0.1,-3.5852673119976313,1.6170972620081159,3.9330834282116194,-3.5852673119976313,1.6170972620081159,3.9330834282116194,3.9330834282116194,0.0,1.0,0.1,-3.5852673119976313,1.7863739470151074,4.005655199471499,-3.5852673119976313,1.7863739470151074,4.005655199471499,4.005655199471499,0.0,1.0,0.1,0.0,0.0,0.0,0.0,0.0,0.0,0.0,0.0,1.0,1.2000000000000002,-15.909156638565094,10.149564514358445,18.871007518983294,-55.90915663856509,90.14956451435845,106.07911094161791,163.35583284079738,11.0,1.0,1.1,7.530843948034516,9.09618763250694,11.809074477511787,-72.46915605196548,-70.90381236749306,101.38604039575067,4.005655199471499,10.0
10_LTAN06_800km_HOT_MY_ALL_HEAT_MY_0p5,14338.5,12.901361766287826,162.8398181429485,163.35008879169052,-115.01309666743201,5.363378177316378,115.13808331957317,-102.11173490114419,168.20319632026488,196.77175014944376,1.0,5.800000000000001,12.901361766287826,2.839818142948502,13.210212053924526,12.901361766287826,162.8398181429485,163.35008879169052,163.35008879169052,57.0,1.0,0.1,-3.658637647112558,1.6171645760900049,4.000106335965293,-3.658637647112558,1.6171645760900049,4.000106335965293,4.000106335965293,0.0,1.0,0.1,-3.658637647112558,1.8123563803628713,4.082923594963702,-3.658637647112558,1.8123563803628713,4.082923594963702,4.082923594963702,0.0,1.0,0.1,0.0,0.0,0.0,0.0,0.0,0.0,0.0,0.0,1.0,5.2,17.88826509885581,8.20319632026488,19.679493339914778,-102.11173490114419,168.20319632026488,196.77175014944376,163.35008879169052,51.0,1.0,4.5,1.3282656854554205,7.175734557679249,7.297633600930548,-118.67173431454458,7.175734557679249,118.8884842685116,4.082923594963702,44.0
10_LTAN06_800km_HOT_MY_ALL_HEAT_MY_0p5,14399.0,12.836642771066536,162.8279256007658,163.33313427801627,-97.11638936917862,-41.37242607749084,105.56169155353354,-84.27974659811208,121.45549952327497,147.83272320799014,1.0,5.800000000000001,12.836642771066536,2.827925600765809,13.144449811058713,12.836642771066536,162.8279256007658,163.33313427801627,163.33313427801627,57.0,1.0,0.1,-3.7233566423338473,1.6052720339073119,4.054661883419689,-3.7233566423338473,1.6052720339073119,4.054661883419689,4.054661883419689,0.0,1.0,0.1,-3.7233566423338473,1.8290317439483772,4.148342055132679,-3.7233566423338473,1.8290317439483772,4.148342055132679,4.148342055132679,0.0,1.0,0.1,0.0,0.0,0.0,0.0,0.0,0.0,0.0,0.0,1.0,2.8000000000000003,-4.279746598112084,1.4554995232749661,4.520476723345183,-84.27974659811208,121.45549952327497,147.83272320799014,163.33313427801627,27.0,1.0,2.1,-20.83974601151246,0.4566056664575342,20.844747601230164,-100.83974601151246,-39.543394333542466,108.31590100758235,4.148342055132679,20.0
10_LTAN06_800km_HOT_MY_ALL_HEAT_MY_0p5,14459.5,12.779921180670804,162.80577213915691,163.30660068475873,2.3317074228011716,-93.80164047227979,93.83061661737273,15.111628603471976,69.00413166687713,70.63944723841621,1.0,5.800000000000001,12.779921180670804,2.8057721391569146,13.084293740245494,12.779921180670804,162.80577213915691,163.30660068475873,163.30660068475873,57.0,1.0,0.1,-3.780078232729579,1.5831185722984173,4.098201539640549,-3.780078232729579,1.5831185722984173,4.098201539640549,4.098201539640549,0.0,1.0,0.1,-3.780078232729579,1.8354844261914138,4.202141659243201,-3.780078232729579,1.8354844261914138,4.202141659243201,4.202141659243201,0.0,1.0,0.1,0.0,0.0,0.0,0.0,0.0,0.0,0.0,0.0,1.0,1.4000000000000001,15.111628603471976,-10.995868333122871,18.68877843650159,15.111628603471976,69.00413166687713,70.63944723841621,163.30660068475873,13.0,1.0,1.5,-1.4483708099284076,-11.966156046088372,12.05349196384143,-1.4483708099284076,-91.96615604608837,91.97756050198619,4.202141659243201,14.0
10_LTAN06_800km_HOT_MY_ALL_HEAT_MY_0p5,14520.0,12.731726135287516,162.77617173139564,163.27332584936454,49.91068996256774,-55.03582126140437,74.29682762040926,62.642416097855254,107.74035046999126,124.62766712882569,1.0,5.800000000000001,12.731726135287516,2.7761717313956353,13.030885613271394,12.731726135287516,162.77617173139564,163.27332584936454,163.27332584936454,57.0,1.0,0.1,-3.828273278112867,1.553518164537138,4.131476125969975,-3.828273278112867,1.553518164537138,4.131476125969975,4.131476125969975,0.0,1.0,0.1,-3.828273278112867,1.8086268595198192,4.234006070955681,-3.828273278112867,1.8086268595198192,4.234006070955681,4.234006070955681,0.0,1.0,0.1,0.0,0.0,0.0,0.0,0.0,0.0,0.0,0.0,1.0,3.6,-17.357583902144746,-12.259649530008744,21.250522946945047,62.642416097855254,107.74035046999126,124.62766712882569,163.27332584936454,35.0,1.0,0.7000000000000001,6.08241668445487,-13.22719440188456,14.55865599801648,46.08241668445487,-53.22719440188456,70.40400096142076,4.234006070955681,6.0
10_LTAN06_800km_HOT_MY_ALL_HEAT_MY_0p5,14580.5,12.69253691720847,162.7402958082952,163.2345072990577,-12.979765326488433,-42.45954336011825,44.39917938746699,-0.2872284092799635,120.28075244817694,120.28109539598782,1.0,5.800000000000001,12.69253691720847,2.740295808295201,12.984980343137225,12.69253691720847,162.7402958082952,163.2345072990577,163.2345072990577,57.0,1.0,0.1,-3.867462496191914,1.517642241436704,4.15457628795573,-3.867462496191914,1.517642241436704,4.15457628795573,4.15457628795573,0.0,1.0,0.1,-3.867462496191914,1.7986187653220043,4.265242738979746,-3.867462496191914,1.7986187653220043,4.265242738979746,4.265242738979746,0.0,1.0,0.1,0.0,0.0,0.0,0.0,0.0,0.0,0.0,0.0,1.0,3.2,-0.2872284092799635,0.28075244817694056,0.40164922040860973,-0.2872284092799635,120.28075244817694,120.28109539598782,163.2345072990577,31.0,1.0,0.30000000000000004,23.152772177319655,-0.6609245947962563,23.1622037124034,-16.847227822680345,-40.660924594796256,44.012951209990476,4.265242738979746,2.0
10_LTAN06_800km_HOT_MY_ALL_HEAT_MY_0p5,14641.0,12.66229644378114,162.69802249850318,163.19001279537187,-106.05374353647565,-65.68462386913336,124.74720971200148,-93.3914470926945,97.01339862936982,134.6609145360619,1.0,5.800000000000001,12.66229644378114,2.698022498503178,12.94654689995065,12.66229644378114,162.69802249850318,163.19001279537187,163.19001279537187,57.0,1.0,0.1,-3.8977029696192442,1.475368931644681,4.1675894620081095,-3.8977029696192442,1.475368931644681,4.1675894620081095,4.1675894620081095,0.0,1.0,0.1,-3.8977029696192442,1.8623888674821387,4.319789431569562,-3.8977029696192442,1.8623888674821387,4.319789431569562,4.319789431569562,0.0,1.0,0.1,0.0,0.0,0.0,0.0,0.0,0.0,0.0,0.0,1.0,1.0,-13.391447092694506,17.013398629369817,21.65148004544444,-93.3914470926945,97.01339862936982,134.6609145360619,163.19001279537187,9.0,1.0,4.1000000000000005,10.048553493905104,16.177764998348778,19.044513846818756,-109.9514465060949,-63.82223500165122,127.13220783652206,4.319789431569562,40.0
10_LTAN06_800km_HOT_MY_ALL_HEAT_MY_0p5,14701.5,12.644398936220128,162.65203663097242,163.1427774823681,-20.419898990428106,-62.07516303974073,65.34751824812999,-7.775500054207978,100.57687359123169,100.87698400764957,1.0,5.800000000000001,12.644398936220128,2.652036630972418,12.919524865501216,12.644398936220128,162.65203663097242,163.1427774823681,163.1427774823681,57.0,1.0,0.1,-3.9156004771802557,1.429383064113921,4.168340562006653,-3.9156004771802557,1.429383064113921,4.168340562006653,4.168340562006653,0.0,1.0,0.1,-3.9156004771802557,1.8791861861348025,4.343186367064406,-3.9156004771802557,1.8791861861348025,4.343186367064406,4.343186367064406,0.0,1.0,0.1,0.0,0.0,0.0,0.0,0.0,0.0,0.0,0.0,1.0,1.4000000000000001,-7.775500054207978,20.57687359123169,21.996957241457654,-7.775500054207978,100.57687359123169,100.87698400764957,163.1427774823681,13.0,0.0,nan,nan,nan,nan,-24.33549946760836,-60.19597685360593,64.92897784270001,4.343186367064406,nan
10_LTAN06_800km_HOT_MY_ALL_HEAT_MY_0p5,14762.0,12.638820741268448,162.60381158761277,163.09426517370187,-85.64022883753742,-58.58002145556796,103.758699438074,-73.00140809626897,104.02379013204481,127.08325813211475,1.0,5.800000000000001,12.638820741268448,2.6038115876127677,12.904248312617982,12.638820741268448,162.60381158761277,163.09426517370187,163.09426517370187,57.0,1.0,0.1,-3.9211786721319353,1.3811580207542704,4.157311590087544,-3.9211786721319353,1.3811580207542704,4.157311590087544,4.157311590087544,0.0,1.0,0.1,-3.9211786721319353,1.8881824827597598,4.352111587147459,-3.9211786721319353,1.8881824827597598,4.352111587147459,4.352111587147459,0.0,1.0,0.1,0.0,0.0,0.0,0.0,0.0,0.0,0.0,0.0,1.0,2.8000000000000003,6.998591903731025,-15.976209867955191,17.44189125008863,-73.00140809626897,104.02379013204481,127.08325813211475,163.09426517370187,27.0,1.0,2.1,-9.561407509669351,-16.6918389728082,19.23637184762553,-89.56140750966935,-56.6918389728082,105.9962750347005,4.352111587147459,20.0
10_LTAN06_800km_HOT_MY_ALL_HEAT_MY_0p5,14822.5,12.64503117169804,162.55419683631362,163.04528120259172,-53.33829190711192,-42.581328074069276,68.25058889210995,-40.69326073541389,119.97286876224435,126.68634775824538,1.0,5.800000000000001,12.64503117169804,2.554196836313622,12.900416071268772,12.64503117169804,162.55419683631362,163.04528120259172,163.04528120259172,57.0,1.0,0.1,-3.9149682417023435,1.3315432694551248,4.135212668287954,-3.9149682417023435,1.3315432694551248,4.135212668287954,4.135212668287954,0.0,1.0,0.1,-3.9149682417023435,1.895789071444824,4.349826724933715,-3.9149682417023435,1.895789071444824,4.349826724933715,4.349826724933715,0.0,1.0,0.1,0.0,0.0,0.0,0.0,0.0,0.0,0.0,0.0,1.0,3.0,-0.6932607354138867,-0.02713123775565407,0.6937914321528891,-40.69326073541389,119.97286876224435,126.68634775824538,163.04528120259172,29.0,1.0,0.30000000000000004,-17.25326014881427,-0.6855390026244521,17.266874340388938,-57.25326014881427,-40.68553900262445,70.23709049784081,4.349826724933715,2.0
10_LTAN06_800km_HOT_MY_ALL_HEAT_MY_0p5,14883.0,12.668069124243992,162.5081727641005,163.00118462901844,22.243895570960934,-59.617567564680925,63.63210865986692,34.91196469520493,102.89060519941957,108.65229826000949,1.0,5.800000000000001,12.668069124243992,2.508172764100493,12.913981026437952,12.668069124243992,162.5081727641005,163.00118462901844,163.00118462901844,57.0,1.0,0.1,-3.8919302891563916,1.285519197241996,4.098741390003846,-3.8919302891563916,1.285519197241996,4.098741390003846,4.098741390003846,0.0,1.0,0.1,-3.8919302891563916,1.9069011229177875,4.333981226105863,-3.8919302891563916,1.9069011229177875,4.333981226105863,4.333981226105863,0.0,1.0,0.1,0.0,0.0,0.0,0.0,0.0,0.0,0.0,0.0,1.0,1.6,-5.088035304795071,22.890605199419568,23.44926245446827,34.91196469520493,102.89060519941957,108.65229826000949,163.00118462901844,15.0,0.0,nan,nan,nan,nan,18.351965281804546,-57.71066644176314,60.558365655432,4.333981226105863,nan
10_LTAN06_800km_HOT_MY_ALL_HEAT_MY_0p5,14943.5,12.70698913388216,162.4648717166602,162.96104477684062,-44.42053863085465,-100.60389649495045,109.97421626100343,-31.71354949697249,61.860975221709765,69.51639718136947,1.0,5.800000000000001,12.70698913388216,2.4648717166602125,12.94384662409868,12.70698913388216,162.4648717166602,162.96104477684062,162.96104477684062,57.0,1.0,0.1,-3.853010279518223,1.2422181498017153,4.048307565609349,-3.853010279518223,1.2422181498017153,4.048307565609349,4.048307565609349,0.0,1.0,0.1,-3.853010279518223,1.8950388028580392,4.2938165166213995,-3.853010279518223,1.8950388028580392,4.2938165166213995,4.2938165166213995,0.0,1.0,0.1,0.0,0.0,0.0,0.0,0.0,0.0,0.0,0.0,1.0,0.2,8.28645050302751,21.860975221709765,23.3787831074103,-31.71354949697249,61.860975221709765,69.51639718136947,162.96104477684062,1.0,1.0,1.3,-8.273548910372874,-18.70885769209241,20.45661183371522,-48.273548910372874,-98.70885769209241,109.88072675078152,4.2938165166213995,12.0
10_LTAN06_800km_HOT_MY_ALL_HEAT_MY_0p5,15004.0,12.761989931893249,162.4240554058258,162.9246517918529,-41.272337887308026,-62.0685461998972,74.53797892385394,-28.51034795541478,100.35550920592861,104.32673755332354,1.0,5.800000000000001,12.761989931893249,2.4240554058258112,12.990166728424157,12.761989931893249,162.4240554058258,162.9246517918529,162.9246517918529,57.0,1.0,0.1,-3.798009481507135,1.201401838967314,3.983496253329748,-3.798009481507135,1.201401838967314,3.983496253329748,3.983496253329748,0.0,1.0,0.1,-3.798009481507135,1.8828331620159418,4.239096217073286,-3.798009481507135,1.8828331620159418,4.239096217073286,4.239096217073286,0.0,1.0,0.1,0.0,0.0,0.0,0.0,0.0,0.0,0.0,0.0,1.0,1.2000000000000002,11.48965204458522,20.355509205928612,23.374320506450786,-28.51034795541478,100.35550920592861,104.32673755332354,162.9246517918529,11.0,1.0,0.30000000000000004,-5.070347368815163,-20.185713037881257,20.81277091807192,-45.07034736881516,-60.18571303788126,75.19079907690737,4.239096217073286,2.0
10_LTAN06_800km_HOT_MY_ALL_HEAT_MY_0p5,15064.5,12.835538057299615,162.38609854393715,162.89259049306588,-9.626242227614458,-26.468066481453626,28.164216351451298,3.209295829685157,135.91803206248352,135.95591572072448,1.0,5.800000000000001,12.835538057299615,2.386098543937152,13.055439612734832,12.835538057299615,162.38609854393715,162.89259049306588,162.89259049306588,57.0,1.0,0.1,-3.7244613561007682,1.1634449770786546,3.9019503594712126,-3.7244613561007682,1.1634449770786546,3.9019503594712126,3.9019503594712126,0.0,1.0,0.1,-3.7244613561007682,1.8734869701191883,4.1691205092074695,-3.7244613561007682,1.8734869701191883,4.1691205092074695,4.1691205092074695,0.0,1.0,0.1,0.0,0.0,0.0,0.0,0.0,0.0,0.0,0.0,1.0,3.2,3.209295829685157,15.918032062483519,16.238328869212122,3.209295829685157,135.91803206248352,135.95591572072448,162.89259049306588,31.0,1.0,0.5,-13.350703583715227,15.405420488665555,20.385491571527606,-13.350703583715227,-24.594579511334445,27.984542653393113,4.1691205092074695,4.0
10_LTAN06_800km_HOT_MY_ALL_HEAT_MY_0p5,15125.0,12.926906580650405,162.3508774410511,162.86470556760926,-22.102114352236505,-132.99197558582102,134.8160562732012,-9.1752077715861,29.358901855230073,30.75921903749843,1.0,5.800000000000001,12.926906580650405,2.3508774410510966,13.138932166949706,12.926906580650405,162.3508774410511,162.86470556760926,162.86470556760926,57.0,1.0,0.1,-3.6330928327499787,1.1282238741925994,3.804241401603929,-3.6330928327499787,1.1282238741925994,3.804241401603929,3.804241401603929,0.0,1.0,0.1,-3.6330928327499787,1.866876537225437,4.0846776539431,-3.6330928327499787,1.866876537225437,4.0846776539431,4.0846776539431,0.0,1.0,0.1,0.0,0.0,0.0,0.0,0.0,0.0,0.0,0.0,1.0,0.4,-9.1752077715861,-10.641098144769927,14.050530501671457,-9.1752077715861,29.358901855230073,30.75921903749843,162.86470556760926,3.0,1.0,3.1,14.264792815013514,-11.125099048595587,18.090111743610752,-25.735207184986486,-131.1250990485956,133.6266907820372,4.0846776539431,30.0
10_LTAN06_800km_HOT_MY_ALL_HEAT_MY_0p5,15185.5,13.039225319039016,162.31590553682773,162.83879939118026,63.18835836749493,-65.95001723219744,91.33549915616658,76.22758368653395,96.36588830463029,122.86996762198652,1.0,5.800000000000001,13.039225319039016,2.315905536827728,13.243293222464624,13.039225319039016,162.31590553682773,162.83879939118026,162.83879939118026,57.0,1.0,0.1,-3.520774094361368,1.0932519699692307,3.6866041411260464,-3.520774094361368,1.0932519699692307,3.6866041411260464,3.6866041411260464,0.0,1.0,0.1,-3.520774094361368,1.8862034909437284,3.99419752050076,-3.520774094361368,1.8862034909437284,3.99419752050076,3.99419752050076,0.0,1.0,0.1,0.0,0.0,0.0,0.0,0.0,0.0,0.0,0.0,1.0,1.8,-3.772416313466053,16.36588830463029,16.795041674307903,76.22758368653395,96.36588830463029,122.86996762198652,162.83879939118026,17.0,0.0,nan,nan,nan,nan,59.66758427313356,-64.06381374125371,87.54651817214402,3.99419752050076,nan
10_LTAN06_800km_HOT_MY_ALL_HEAT_MY_0p5,15246.0,13.175237300823396,162.27891273277788,162.81287539892398,-19.601297253790428,-38.47844879381657,43.1833518338933,-6.426059952967032,123.80046393896131,123.9671291835912,1.0,5.800000000000001,13.175237300823396,2.278912732777883,13.370875856750198,13.175237300823396,162.27891273277788,162.81287539892398,162.81287539892398,57.0,1.0,0.1,-3.384762112576988,1.0562591659193856,3.5457436433455465,-3.384762112576988,1.0562591659193856,3.5457436433455465,3.5457436433455465,0.0,1.0,0.1,-3.384762112576988,1.880696548565055,3.8721614205145354,-3.384762112576988,1.880696548565055,3.8721614205145354,3.8721614205145354,0.0,1.0,0.1,0.0,0.0,0.0,0.0,0.0,0.0,0.0,0.0,1.0,3.2,-6.426059952967032,3.8004639389613146,7.465773414085912,-6.426059952967032,123.80046393896131,123.9671291835912,162.81287539892398,31.0,1.0,0.30000000000000004,17.013940633632586,3.402247754748487,17.350777091227503,-22.986059366367414,-36.59775224525151,43.217524160911616,3.8721614205145354,2.0
10_LTAN06_800km_HOT_MY_ALL_HEAT_MY_0p5,15306.5,13.333332730391216,162.240870368612,162.78783056378657,-120.16758004189286,-62.84159453352737,135.60720222997372,-106.83424731150164,99.39927583508464,145.92385834795604,1.0,5.800000000000001,13.333332730391216,2.2408703686120077,13.52032772192468,13.333332730391216,162.240870368612,162.78783056378657,162.78783056378657,57.0,1.0,0.1,-3.2266666830091673,1.0182168017535105,3.3835105051727754,-3.2266666830091673,1.0182168017535105,3.3835105051727754,3.3835105051727754,0.0,1.0,0.1,-3.2266666830091673,1.8969908122026595,3.742987045772759,-3.2266666830091673,1.8969908122026595,3.742987045772759,3.742987045772759,0.0,1.0,0.1,0.0,0.0,0.0,0.0,0.0,0.0,0.0,0.0,1.0,2.6,13.165752688498358,-20.600724164915363,24.448453529285437,-106.83424731150164,99.39927583508464,145.92385834795604,162.78783056378657,25.0,1.0,4.1000000000000005,-3.3942467249020183,19.05539627867529,19.35533616775643,-123.39424672490202,-60.94460372132471,137.62407074184117,3.742987045772759,40.0
10_LTAN06_800km_HOT_MY_ALL_HEAT_MY_0p5,15367.0,13.515606464277829,162.1975074611794,162.759648084888,-148.81194778642035,9.092208483725354,149.08944985846523,-135.29634132214252,171.28971594490477,218.27795757621487,1.0,5.800000000000001,13.515606464277829,2.1975074611794128,13.693087932937837,13.515606464277829,162.1975074611794,162.759648084888,162.759648084888,57.0,1.0,0.1,-3.044392949122555,0.9748538943209155,3.196665222374683,-3.044392949122555,0.9748538943209155,3.196665222374683,3.196665222374683,0.0,1.0,0.1,-3.044392949122555,1.8851232869431271,3.580784583808748,-3.044392949122555,1.8851232869431271,3.580784583808748,3.580784583808748,0.0,1.0,0.1,0.0,0.0,0.0,0.0,0.0,0.0,0.0,0.0,1.0,5.2,-15.296341322142524,11.28971594490477,19.011463488120054,-135.29634132214252,171.28971594490477,218.27795757621487,162.759648084888,51.0,1.0,7.5,8.143659264457085,10.977331770668485,13.66824784011855,-151.85634073554291,10.977331770668485,152.25258629787749,3.580784583808748,74.0
10_LTAN06_800km_HOT_MY_ALL_HEAT_MY_0p5,15427.5,13.72227600535886,162.14702502841052,162.72663759916887,-76.92137126725154,-90.34541521092363,118.65576853768444,-63.19909526189268,71.80160981748689,95.65352483993685,1.0,5.800000000000001,13.72227600535886,2.147025028410525,13.88922514900917,13.72227600535886,162.14702502841052,162.72663759916887,162.72663759916887,57.0,1.0,0.1,-2.837723408041523,0.9243714615520275,2.984482658599079,-2.837723408041523,0.9243714615520275,2.984482658599079,2.984482658599079,0.0,1.0,0.1,-2.837723408041523,1.8888925778264536,3.4088985480818668,-2.837723408041523,1.8888925778264536,3.4088985480818668,3.4088985480818668,0.0,1.0,0.1,0.0,0.0,0.0,0.0,0.0,0.0,0.0,0.0,1.0,1.0,16.80090473810732,-8.198390182513108,18.69449121007802,-63.19909526189268,71.80160981748689,95.65352483993685,162.72663759916887,9.0,1.0,1.1,0.2409053247069437,-8.45652263309718,8.459953334360481,-79.75909467529306,-88.45652263309718,119.1052877909373,3.4088985480818668,10.0
10_LTAN06_800km_HOT_MY_ALL_HEAT_MY_0p5,15488.0,13.952426504097248,162.08930665619894,162.68870132138719,-69.79943044786496,-193.79194933013923,205.97883414569952,-55.84700394376772,-31.70264267394029,64.21795233427135,1.0,5.800000000000001,13.952426504097248,2.089306656198943,14.107990914934435,13.952426504097248,162.08930665619894,162.68870132138719,162.68870132138719,57.0,1.0,0.1,-2.6075729093031352,0.8666530893404456,2.7478216926494623,-2.6075729093031352,0.8666530893404456,2.7478216926494623,2.7478216926494623,0.0,1.0,0.1,-2.6075729093031352,1.862707201575887,3.2045459266695318,-2.6075729093031352,1.862707201575887,3.2045459266695318,3.2045459266695318,0.0,1.0,0.1,0.0,0.0,0.0,0.0,0.0,0.0,0.0,0.0,1.0,0.30000000000000004,-15.847003943767717,8.29735732605971,17.887807931384614,-55.84700394376772,-31.70264267394029,64.21795233427135,162.68870132138719,2.0,1.0,8.9,7.592996642831906,8.070757871436655,11.081097898557404,-72.4070033571681,-191.92924212856335,205.1331472951401,3.2045459266695318,88.0
10_LTAN06_800km_HOT_MY_ALL_HEAT_MY_0p5,15548.5,14.205420709710234,162.0223987433869,162.64394139377256,-113.47151177337703,-59.44316387529464,128.09868740795423,-99.26609106366679,102.57923486809227,142.7454246593684,1.0,5.800000000000001,14.205420709710234,2.0223987433869013,14.348661060082133,14.205420709710234,162.0223987433869,162.64394139377256,162.64394139377256,57.0,1.0,0.1,-2.3545787036901498,0.799745176528404,2.486691219120628,-2.3545787036901498,0.799745176528404,2.486691219120628,2.486691219120628,0.0,1.0,0.1,-2.3545787036901498,1.8757672936511085,3.0104059214335845,-2.3545787036901498,1.8757672936511085,3.0104059214335845,3.0104059214335845,0.0,1.0,0.1,0.0,0.0,0.0,0.0,0.0,0.0,0.0,0.0,0.0,nan,nan,nan,nan,-99.26609106366679,102.57923486809227,142.7454246593684,162.64394139377256,nan,1.0,4.1000000000000005,4.173909522932831,22.43260341835648,22.817607605331638,-115.82609047706717,-57.56739658164352,129.34329663492412,3.0104059214335845,40.0
10_LTAN06_800km_HOT_MY_ALL_HEAT_MY_0p5,15609.0,14.480221431714586,161.94681606618337,162.59289051703863,-112.97723298735256,-76.83979817424937,136.6316572282497,-98.49701155563798,85.107017891934,130.17244631583696,1.0,5.800000000000001,14.480221431714586,1.9468160661833736,14.610506682077665,14.480221431714586,161.94681606618337,162.59289051703863,162.59289051703863,57.0,1.0,0.1,-2.0797779816857975,0.7241624993248763,2.202246075835646,-2.0797779816857975,0.7241624993248763,2.202246075835646,2.202246075835646,0.0,1.0,0.1,-2.0797779816857975,1.9116952938719578,2.824899175141874,-2.0797779816857975,1.9116952938719578,2.824899175141874,2.824899175141874,0.0,1.0,0.1,0.0,0.0,0.0,0.0,0.0,0.0,0.0,0.0,1.0,1.0,-18.497011555637982,5.107017891934007,19.189087217424884,-98.49701155563798,85.107017891934,130.17244631583696,162.59289051703863,9.0,1.0,4.1000000000000005,4.942989030961627,5.071897119622591,7.082180522426896,-115.05701096903837,-74.92810288037741,137.30381048748006,2.824899175141874,40.0
10_LTAN06_800km_HOT_MY_ALL_HEAT_MY_0p5,15669.5,14.775724374970569,161.86244948509193,162.5354563906566,-35.03933205904397,-163.4079489706271,167.12244785764423,-20.263607684073403,-1.5454994855351742,20.322459620671612,1.0,5.800000000000001,14.775724374970569,1.862449485091929,14.892640762793501,14.775724374970569,161.86244948509193,162.5354563906566,162.5354563906566,57.0,1.0,0.1,-1.784275038429815,0.6397959182334318,1.8955147664293934,-1.784275038429815,0.6397959182334318,1.8955147664293934,1.8955147664293934,0.0,1.0,0.1,-1.784275038429815,1.915965603184958,2.618121770535438,-1.784275038429815,1.915965603184958,2.618121770535438,2.618121770535438,0.0,1.0,0.1,0.0,0.0,0.0,0.0,0.0,0.0,0.0,0.0,1.0,0.1,-20.263607684073403,-1.5454994855351742,20.322459620671612,-20.263607684073403,-1.5454994855351742,20.322459620671612,162.5354563906566,0.0,1.0,5.7,3.176392902526217,-1.4919833674421454,3.5093427076794494,-36.82360709747378,-161.49198336744215,165.6370693160783,2.618121770535438,56.0
10_LTAN06_800km_HOT_MY_ALL_HEAT_MY_0p5,15730.0,15.090977230735142,161.76774740317833,162.4701255421349,-16.262007148675895,-92.12961973969342,93.55383321854907,-1.1710299179407535,69.63812766348491,69.64797294641484,1.0,5.800000000000001,15.090977230735142,1.7677474031783333,15.194160873836049,15.090977230735142,161.76774740317833,162.4701255421349,162.4701255421349,57.0,1.0,0.1,-1.4690221826652419,0.5450938363198361,1.5668929330226835,-1.4690221826652419,0.5450938363198361,1.5668929330226835,1.5668929330226835,0.0,1.0,0.1,-1.4690221826652419,1.9327121593571235,2.4276330991501633,-1.4690221826652419,1.9327121593571235,2.4276330991501633,2.4276330991501633,0.0,1.0,0.1,0.0,0.0,0.0,0.0,0.0,0.0,0.0,0.0,1.0,1.4000000000000001,-1.1710299179407535,-10.361872336515091,10.427833398503692,-1.1710299179407535,69.63812766348491,69.64797294641484,162.4701255421349,13.0,1.0,1.3,22.268970668658863,-10.196907580336301,24.492529041393595,-17.731029331341137,-90.1969075803363,91.92318281154438,2.4276330991501633,12.0
10_LTAN06_800km_HOT_MY_ALL_HEAT_MY_0p5,15790.5,15.425144620083495,161.66296265806594,162.39719388565098,-47.607520287845,-98.87196293144146,109.73668958864171,-32.182375667761505,62.79099972662448,70.55788368630314,1.0,5.800000000000001,15.425144620083495,1.6629626580659362,15.514526462403309,15.425144620083495,161.66296265806594,162.39719388565098,162.39719388565098,57.0,1.0,0.1,-1.1348547933168884,0.440309091207439,1.2172787263869513,-1.1348547933168884,0.440309091207439,1.2172787263869513,1.2172787263869513,0.0,1.0,0.1,-1.1348547933168884,1.9423700942135724,2.249599294276552,-1.1348547933168884,1.9423700942135724,2.249599294276552,2.249599294276552,0.0,1.0,0.1,0.0,0.0,0.0,0.0,0.0,0.0,0.0,0.0,1.0,0.2,7.817624332238495,22.790999726624477,24.094499761128148,-32.182375667761505,62.79099972662448,70.55788368630314,162.39719388565098,1.0,1.0,1.3,-8.742375081161889,-16.929592837227887,19.053614767125897,-48.74237508116189,-96.92959283722789,108.49500032786511,2.249599294276552,12.0
10_LTAN06_800km_HOT_MY_ALL_HEAT_MY_0p5,15851.0,15.776198981407076,161.54957045431223,162.31805866345783,-17.4235523133956,-171.10673696757712,171.99155680122573,-1.6473533319885245,-9.557166513264889,9.69810315281733,1.0,5.800000000000001,15.776198981407076,1.5495704543122315,15.852117300027372,15.776198981407076,161.54957045431223,162.31805866345783,162.31805866345783,57.0,1.0,0.1,-0.7838004319933081,0.32691688745373426,0.8492454112300719,-0.7838004319933081,0.32691688745373426,0.8492454112300719,0.8492454112300719,0.0,1.0,0.1,-0.7838004319933081,1.9690519475124688,2.119317977368083,-0.7838004319933081,1.9690519475124688,2.119317977368083,2.119317977368083,0.0,1.0,0.1,0.0,0.0,0.0,0.0,0.0,0.0,0.0,0.0,1.0,0.1,-1.6473533319885245,-9.557166513264889,9.69810315281733,-1.6473533319885245,-9.557166513264889,9.69810315281733,162.31805866345783,0.0,1.0,5.7,21.79264725461109,-9.137685020064652,23.630843444317055,-18.20735274538891,-169.13768502006465,170.1148558707958,2.119317977368083,56.0
10_LTAN06_800km_HOT_MY_ALL_HEAT_MY_0p5,15911.5,16.14158606239844,161.42937705094516,162.23438160780236,-86.42730127726188,-91.88113198362436,126.14206602344355,-70.28571521486344,69.5482450673208,98.87891663650548,1.0,5.800000000000001,16.14158606239844,1.4293770509451633,16.20474990129697,16.14158606239844,161.42937705094516,162.23438160780236,162.23438160780236,57.0,1.0,0.1,-0.418413351001945,0.20672348408666608,0.4666951158621728,-0.418413351001945,0.20672348408666608,0.4666951158621728,0.4666951158621728,0.0,1.0,0.1,-0.418413351001945,1.9661113330144246,2.0101401707603466,-0.418413351001945,1.9661113330144246,2.0101401707603466,2.0101401707603466,0.0,1.0,0.1,0.0,0.0,0.0,0.0,0.0,0.0,0.0,0.0,1.0,1.0,9.714284785136556,-10.451754932679194,14.269075304991542,-70.28571521486344,69.5482450673208,98.87891663650548,162.23438160780236,9.0,1.0,1.1,-6.845714628263835,-9.915020650609932,12.048711270241595,-86.84571462826383,-89.91502065060993,125.00755612319381,2.0101401707603466,10.0
10_LTAN06_800km_HOT_MY_ALL_HEAT_MY_0p5,15972.0,16.52032154743006,161.30239154189977,162.14617646175572,72.94655696824675,-12.373207889843947,73.98848861145203,89.46687851567681,148.92918365205583,173.73607597331835,1.0,5.800000000000001,16.52032154743006,1.302391541899766,16.57157951913136,16.52032154743006,161.30239154189977,162.14617646175572,162.14617646175572,57.0,1.0,0.1,-0.0396778659703223,0.07973797504126878,0.08906445818417616,-0.0396778659703223,0.07973797504126878,0.08906445818417616,0.08906445818417616,0.0,1.0,0.1,-0.0396778659703223,1.9535485264918577,1.953951426828842,-0.0396778659703223,1.9535485264918577,1.953951426828842,1.953951426828842,0.0,1.0,0.1,0.0,0.0,0.0,0.0,0.0,0.0,0.0,0.0,1.0,6.2,9.466878515676811,-11.070816347944174,14.566563199344284,89.46687851567681,148.92918365205583,173.73607597331835,162.14617646175572,61.0,1.0,2.2,-7.093120897723566,-10.419659363352082,12.60482706418511,72.90687910227643,-10.419659363352082,73.64769053868724,1.953951426828842,21.0
10_LTAN06_800km_HOT_MY_ALL_HEAT_MY_0p5,16032.5,16.907935378240776,161.1680336708268,162.05250185071355,-16.109344847195903,-71.00418521654908,72.80868979505046,0.7985905310448729,90.16384845427771,90.16738498438463,1.0,5.800000000000001,16.907935378240776,1.1680336708267873,16.948232397832854,16.907935378240776,161.1680336708268,162.05250185071355,162.05250185071355,57.0,1.0,0.1,0.34793596484039213,-0.054619896031709914,0.3521970594311222,0.34793596484039213,-0.054619896031709914,0.3521970594311222,0.3521970594311222,0.0,1.0,0.1,0.34793596484039213,1.9592174221061782,1.989872443829954,0.34793596484039213,1.9592174221061782,1.989872443829954,1.989872443829954,0.0,1.0,0.1,0.0,0.0,0.0,0.0,0.0,0.0,0.0,0.0,1.0,1.4000000000000001,0.7985905310448729,10.163848454277712,10.195173477572512,0.7985905310448729,90.16384845427771,90.16738498438463,162.05250185071355,13.0,1.0,1.5,-15.76140888235551,10.955032205557103,19.194653958370505,-15.76140888235551,-69.0449677944429,70.82110976038467,1.989872443829954,14.0
10_LTAN06_800km_HOT_MY_ALL_HEAT_MY_0p5,16093.0,17.301787750192386,161.02616883263283,161.95301450812295,-44.09283871721142,54.60494704527863,70.18460420889828,-26.791050967019036,215.63111587791147,217.28906679046395,1.0,5.800000000000001,17.301787750192386,1.026168832632834,17.332192066376784,17.301787750192386,161.02616883263283,161.95301450812295,161.95301450812295,57.0,1.0,0.1,0.741788336792002,-0.19648473422566326,0.7673696549801627,0.741788336792002,-0.19648473422566326,0.7673696549801627,0.7673696549801627,0.0,1.0,0.1,0.741788336792002,1.9348218471528469,2.07214514858892,0.741788336792002,1.9348218471528469,2.07214514858892,2.07214514858892,0.0,1.0,0.1,0.0,0.0,0.0,0.0,0.0,0.0,0.0,0.0,1.0,9.0,13.208949032980964,15.63111587791147,20.46480193269861,-26.791050967019036,215.63111587791147,217.28906679046395,161.95301450812295,89.0,1.0,0.2,-3.351050380419423,16.539768892431482,16.875825718084236,-43.35105038041942,56.53976889243148,71.24646682815384,2.07214514858892,1.0
10_LTAN06_800km_HOT_MY_ALL_HEAT_MY_0p5,16153.5,17.701884147137804,160.87710261476667,161.8480733530086,-23.758970567889875,29.240755636033814,37.67639144891799,-6.057086420752071,190.11785825080048,190.21432207323383,1.0,5.800000000000001,17.701884147137804,0.8771026147666703,17.7236004061116,17.701884147137804,160.87710261476667,161.8480733530086,161.8480733530086,57.0,1.0,0.1,1.1418847337374203,-0.34555095209182696,1.1930239752972893,1.1418847337374203,-0.34555095209182696,1.1930239752972893,1.1930239752972893,0.0,1.0,0.1,1.1418847337374203,1.9255713061517667,2.2386883660343617,1.1418847337374203,1.9255713061517667,2.2386883660343617,2.2386883660343617,0.0,1.0,0.1,0.0,0.0,0.0,0.0,0.0,0.0,0.0,0.0,1.0,9.200000000000001,-6.057086420752071,-9.88214174919952,11.590729979588485,-6.057086420752071,190.11785825080048,190.21432207323383,161.8480733530086,91.0,1.0,0.2,17.382914165847545,-8.833673057814423,19.498704690044917,-22.617085834152455,31.166326942185577,38.50808365391119,2.2386883660343617,1.0
10_LTAN06_800km_HOT_MY_ALL_HEAT_MY_0p5,16214.0,18.10378089310469,160.7212151863525,161.7376143437369,-12.02163393427432,159.76727558507355,160.2189190773878,6.082146958830371,320.4884907714261,320.5461982750307,1.0,5.800000000000001,18.10378089310469,0.7212151863525094,18.118141018619102,18.10378089310469,160.7212151863525,161.7376143437369,161.7376143437369,57.0,1.0,0.1,1.5437814797043075,-0.5014383805059879,1.6231764249527805,1.5437814797043075,-0.5014383805059879,1.6231764249527805,1.6231764249527805,0.0,1.0,0.1,1.5437814797043075,1.8871750693481602,2.4381737016560683,1.5437814797043075,1.8871750693481602,2.4381737016560683,2.4381737016560683,0.0,1.0,0.1,0.0,0.0,0.0,0.0,0.0,0.0,0.0,0.0,1.0,24.200000000000003,6.082146958830371,0.4884907714260862,6.101732119863834,6.082146958830371,320.4884907714261,320.5461982750307,161.7376143437369,241.0,1.0,5.800000000000001,-10.477852454570012,1.654450654421737,10.60766699268295,-10.477852454570012,161.65445065442174,161.993662865072,2.4381737016560683,57.0
10_LTAN06_800km_HOT_MY_ALL_HEAT_MY_0p5,16274.5,18.50610969867324,160.55864478548165,161.62163998527487,-8.506017371079508,-79.19902579296294,79.65449151222745,10.00009232759373,81.3596189925187,81.97188206432868,1.0,5.800000000000001,18.50610969867324,0.558644785481647,18.514539696564793,18.50610969867324,160.55864478548165,161.62163998527487,161.62163998527487,57.0,1.0,0.1,1.9461102852728551,-0.6640087813768503,2.0562716027291637,1.9461102852728551,-0.6640087813768503,2.0562716027291637,2.0562716027291637,0.0,1.0,0.1,1.9461102852728551,1.890120941159779,2.7129140079728886,1.9461102852728551,1.890120941159779,2.7129140079728886,2.7129140079728886,0.0,1.0,0.1,0.0,0.0,0.0,0.0,0.0,0.0,0.0,0.0,1.0,1.4000000000000001,10.00009232759373,1.3596189925187048,10.09209643063405,10.00009232759373,81.3596189925187,81.97188206432868,161.62163998527487,13.0,1.0,1.5,-6.559907085806653,2.691095148196837,7.090442445367207,-6.559907085806653,-77.30890485180316,77.5867201933396,2.7129140079728886,14.0
10_LTAN06_800km_HOT_MY_ALL_HEAT_MY_0p5,16335.0,18.90817591180261,160.38996439650407,161.50064952012892,-110.35410069877426,-110.5949243072992,156.23464668111376,-91.44592478697166,49.795040089204875,104.1244600352386,1.0,5.800000000000001,18.90817591180261,0.38996439650406955,18.912196819571577,18.90817591180261,160.38996439650407,161.50064952012892,161.50064952012892,57.0,1.0,0.1,2.348176498402225,-0.8326891703544277,2.49144619088474,2.348176498402225,-0.8326891703544277,2.49144619088474,2.49144619088474,0.0,1.0,0.1,2.348176498402225,1.893104572135229,3.016252275372178,2.348176498402225,1.893104572135229,3.016252275372178,3.016252275372178,0.0,1.0,0.1,0.0,0.0,0.0,0.0,0.0,0.0,0.0,0.0,1.0,2.5,-11.44592478697166,9.795040089204875,15.064926305101624,-91.44592478697166,49.795040089204875,104.1244600352386,161.50064952012892,24.0,1.0,2.7,11.99407579962795,11.298180264836034,16.47746132096663,-108.00592420037205,-108.70181973516397,153.23630534606542,3.016252275372178,26.0
10_LTAN06_800km_HOT_MY_ALL_HEAT_MY_0p5,16395.5,19.301943895216954,160.2210657297656,161.3795369361183,1.6366169154551713,36.39173469877402,36.42851725384808,20.938560810672126,196.61280042853963,197.7245979163315,1.0,5.800000000000001,19.301943895216954,0.22106572976559846,19.30320978985049,19.301943895216954,160.2210657297656,161.3795369361183,161.3795369361183,57.0,1.0,0.1,2.741944481816571,-1.0015878370928988,2.9191501737280965,2.741944481816571,-1.0015878370928988,2.9191501737280965,2.9191501737280965,0.0,1.0,0.1,2.741944481816571,1.8956170857818222,3.33341021737084,2.741944481816571,1.8956170857818222,3.33341021737084,3.33341021737084,0.0,1.0,0.1,0.0,0.0,0.0,0.0,0.0,0.0,0.0,0.0,1.0,9.200000000000001,20.938560810672126,-3.3871995714603713,21.210762592587656,20.938560810672126,196.61280042853963,197.7245979163315,161.3795369361183,91.0,1.0,0.4,4.378561397271742,-1.7126482154441476,4.701591626198759,4.378561397271742,38.28735178455585,38.5369057733494,3.33341021737084,3.0
10_LTAN06_800km_HOT_MY_ALL_HEAT_MY_0p5,16456.0,19.68791022636575,160.0516686616596,161.25802445293414,-32.71267622124298,-114.98562075088057,119.54836747116714,-13.024765994877228,45.06604791077902,46.91048074277155,1.0,5.800000000000001,19.68791022636575,0.0516686616595905,19.687978025486387,19.68791022636575,160.0516686616596,161.25802445293414,161.25802445293414,57.0,1.0,0.1,3.127910812965368,-1.1709849051989067,3.339914924375973,3.127910812965368,-1.1709849051989067,3.339914924375973,3.339914924375973,0.0,1.0,0.1,3.127910812965368,1.897853135014742,3.6586435431660944,3.127910812965368,1.897853135014742,3.6586435431660944,3.6586435431660944,0.0,1.0,0.1,0.0,0.0,0.0,0.0,0.0,0.0,0.0,0.0,1.0,0.4,-13.024765994877228,5.0660479107790195,13.975312900097038,-13.024765994877228,45.06604791077902,46.91048074277155,161.25802445293414,3.0,1.0,3.1,10.415234591722388,6.912232384134171,12.500242722958774,-29.58476540827761,-113.08776761586583,116.89354784847148,3.6586435431660944,30.0
10_LTAN06_800km_HOT_MY_ALL_HEAT_MY_0p5,16516.5,20.06417723162839,159.8829264333641,161.1369646384054,-36.31453959798668,-162.33317207354014,166.34543739360973,-16.250362366358292,-2.4502456401760355,16.43404943205282,1.0,5.800000000000001,20.06417723162839,-0.11707356663589508,20.064518788204214,20.06417723162839,159.8829264333641,161.1369646384054,161.1369646384054,57.0,1.0,0.1,3.504177818228005,-1.3397271334943923,3.7515504760008604,3.504177818228005,-1.3397271334943923,3.7515504760008604,3.7515504760008604,0.0,1.0,0.1,3.504177818228005,1.9262644326650218,3.9987194007971447,3.504177818228005,1.9262644326650218,3.9987194007971447,3.9987194007971447,0.0,1.0,0.1,0.0,0.0,0.0,0.0,0.0,0.0,0.0,0.0,1.0,0.1,-16.250362366358292,-2.4502456401760355,16.43404943205282,-16.250362366358292,-2.4502456401760355,16.43404943205282,161.1369646384054,0.0,1.0,5.7,7.189638220241321,-0.40690764087511866,7.201143767913354,-32.81036177975868,-160.40690764087512,163.72811566443588,3.9987194007971447,56.0
10_LTAN06_800km_HOT_MY_ALL_HEAT_MY_0p5,16577.0,20.4258408961888,159.7180022706518,161.01880395048386,-72.2368915350447,-139.15054113104674,156.78342257939434,-51.8110506388559,20.567461139605058,55.74410664842746,1.0,5.800000000000001,20.4258408961888,-0.28199772934820544,20.427787423893378,20.4258408961888,159.7180022706518,161.01880395048386,161.01880395048386,57.0,1.0,0.1,3.865841482788415,-1.5046512962067027,4.14833772651459,3.865841482788415,-1.5046512962067027,4.14833772651459,4.14833772651459,0.0,1.0,0.1,3.865841482788415,1.9361254539045092,4.323576314037336,3.865841482788415,1.9361254539045092,4.323576314037336,4.323576314037336,0.0,1.0,0.1,0.0,0.0,0.0,0.0,0.0,0.0,0.0,0.0,1.0,0.2,-11.811050638855903,-19.432538860394942,22.740371231674693,-51.8110506388559,20.567461139605058,55.74410664842746,161.01880395048386,1.0,1.0,2.9000000000000004,11.628949947743706,-17.214415677142227,20.774228842307682,-68.3710500522563,-137.21441567714223,153.30491301607952,4.323576314037336,28.0
10_LTAN06_800km_HOT_MY_ALL_HEAT_MY_0p5,16637.5,20.77358060505657,159.55728725741417,160.90391408570446,-10.553676826345427,-128.58431718980688,129.01669163997272,10.219903778711142,30.972970067607292,32.61550717151293,1.0,5.800000000000001,20.77358060505657,-0.44271274258582594,20.778297469408564,20.77358060505657,159.55728725741417,160.90391408570446,160.90391408570446,57.0,1.0,0.1,4.213581191656186,-1.6653663094443232,4.530751748144117,4.213581191656186,-1.6653663094443232,4.530751748144117,4.530751748144117,0.0,1.0,0.1,4.213581191656186,1.9468220892739225,4.6415926906573395,4.213581191656186,1.9468220892739225,4.6415926906573395,4.6415926906573395,0.0,1.0,0.1,0.0,0.0,0.0,0.0,0.0,0.0,0.0,0.0,1.0,0.4,10.219903778711142,-9.027029932392708,13.635750901451235,10.219903778711142,30.972970067607292,32.61550717151293,160.90391408570446,3.0,1.0,3.3000000000000003,-6.340095634689241,-6.637495100532959,9.178951675796348,-6.340095634689241,-126.63749510053296,126.79610395431918,4.6415926906573395,32.0
10_LTAN06_800km_HOT_MY_ALL_HEAT_MY_0p5,16698.0,21.105065383351405,159.40355716410295,160.79464487788445,26.678663640772896,20.404840149078293,33.58732789560573,47.7837290241243,179.80839731318125,186.04930664688268,1.0,5.800000000000001,21.105065383351405,-0.5964428358970508,21.113491631940718,21.105065383351405,159.40355716410295,160.79464487788445,160.79464487788445,57.0,1.0,0.1,4.545065969951022,-1.819096402755548,4.895583355814197,4.545065969951022,-1.819096402755548,4.895583355814197,4.895583355814197,0.0,1.0,0.1,4.545065969951022,1.9138402138219703,4.931572673625418,4.545065969951022,1.9138402138219703,4.931572673625418,4.931572673625418,0.0,1.0,0.1,0.0,0.0,0.0,0.0,0.0,0.0,0.0,0.0,1.0,6.0,7.783729024124298,19.808397313181246,21.282834436179805,47.7837290241243,179.80839731318125,186.04930664688268,160.79464487788445,59.0,1.0,0.6000000000000001,-8.776270389276085,-17.681319637099733,19.73960450604249,31.223729610723915,22.318680362900267,38.38026555334014,4.931572673625418,5.0
10_LTAN06_800km_HOT_MY_ALL_HEAT_MY_0p5,16758.5,21.417892363618744,159.25929309007236,160.69302582517116,34.790174177762424,-56.898507801555866,66.69180166529287,56.20806654138117,102.3607852885165,116.77789649245318,1.0,5.800000000000001,21.417892363618744,-0.7407069099276384,21.430696676169273,21.417892363618744,159.25929309007236,160.69302582517116,160.69302582517116,57.0,1.0,0.1,4.8578929502183605,-1.9633604767861357,5.239647724569576,4.8578929502183605,-1.9633604767861357,5.239647724569576,5.239647724569576,0.0,1.0,0.1,4.8578929502183605,1.90946103538883,5.2196901595257,4.8578929502183605,1.90946103538883,5.2196901595257,5.2196901595257,0.0,1.0,0.1,0.0,0.0,0.0,0.0,0.0,0.0,0.0,0.0,1.0,3.4000000000000004,16.20806654138117,-17.639214711483504,23.95502695986076,56.20806654138117,102.3607852885165,116.77789649245318,160.69302582517116,33.0,1.0,0.7000000000000001,-0.3519328720192121,-14.989046766167036,14.993177772065206,39.64806712798079,-54.989046766167036,67.79206805546336,5.2196901595257,6.0
10_LTAN06_800km_HOT_MY_ALL_HEAT_MY_0p5,16819.0,21.712452137981167,159.1237601682373,160.59826159682686,-22.313907036454975,-32.530113217517574,39.447670567171215,-0.6014548984738077,126.59364695071974,126.59507571891717,1.0,5.800000000000001,21.712452137981167,-0.8762398317626889,21.73012595653533,21.712452137981167,159.1237601682373,160.59826159682686,160.59826159682686,57.0,1.0,0.1,5.152452724580783,-2.098893398621186,5.563553053383739,5.152452724580783,-2.098893398621186,5.563553053383739,5.563553053383739,0.0,1.0,0.1,5.152452724580783,1.8660970322560217,5.479971460950747,5.152452724580783,1.8660970322560217,5.479971460950747,5.479971460950747,0.0,1.0,0.1,0.0,0.0,0.0,0.0,0.0,0.0,0.0,0.0,1.0,3.2,-0.6014548984738077,6.593646950719744,6.621021681404912,-0.6014548984738077,126.59364695071974,126.59507571891717,160.59826159682686,31.0,1.0,0.30000000000000004,22.83854568812581,9.335983814738455,24.673057429870102,-17.16145431187419,-30.664016185261545,35.1396841577799,5.479971460950747,2.0
10_LTAN06_800km_HOT_MY_ALL_HEAT_MY_0p5,16879.5,21.98176984601643,159.00186966327544,160.514151282622,-20.212038327927353,28.3474000387853,34.815249278563684,1.7697315180890776,187.34926970206075,187.35762810075713,1.0,5.800000000000001,21.98176984601643,-0.9981303367245573,22.004419322770758,21.98176984601643,159.00186966327544,160.514151282622,160.514151282622,57.0,1.0,0.1,5.4217704326160465,-2.2207839035830546,5.8589654180924455,5.4217704326160465,-2.2207839035830546,5.8589654180924455,5.8589654180924455,0.0,1.0,0.1,5.4217704326160465,1.8553128174838207,5.730425837117984,5.4217704326160465,1.8553128174838207,5.730425837117984,5.730425837117984,0.0,1.0,0.1,0.0,0.0,0.0,0.0,0.0,0.0,0.0,0.0,1.0,9.200000000000001,1.7697315180890776,-12.650730297939248,12.773915872484675,1.7697315180890776,187.34926970206075,187.35762810075713,160.514151282622,91.0,1.0,0.4,-14.790267895311306,-9.79728714373087,17.740881032006005,-14.790267895311306,30.20271285626913,33.629687603266866,5.730425837117984,3.0
10_LTAN06_800km_HOT_MY_ALL_HEAT_MY_0p5,16940.0,22.22425386152569,158.89467840940793,160.44137959557287,-10.68070554171944,-49.2615604976261,50.40613864927756,11.543548319806249,109.63311791178182,110.23916749898993,1.0,5.800000000000001,22.22425386152569,-1.1053215905920695,22.25172342808908,22.22425386152569,158.89467840940793,160.44137959557287,160.44137959557287,57.0,1.0,0.1,5.664254448125305,-2.3279751574505667,6.123989450253348,5.664254448125305,-2.3279751574505667,6.123989450253348,6.123989450253348,0.0,1.0,0.1,5.664254448125305,1.8625430175471251,5.96262064408938,5.664254448125305,1.8625430175471251,5.96262064408938,5.96262064408938,0.0,1.0,0.1,0.0,0.0,0.0,0.0,0.0,0.0,0.0,0.0,1.0,3.2,11.543548319806249,-10.366882088218176,15.515339250004187,11.543548319806249,109.63311791178182,110.23916749898993,160.44137959557287,31.0,1.0,0.5,-5.016451093594135,-7.399017480078982,8.93925283482552,-5.016451093594135,-47.39901748007898,47.66373505770666,5.96262064408938,4.0
10_LTAN06_800km_HOT_MY_ALL_HEAT_MY_0p5,17000.5,22.441562184614988,158.80099678842998,160.3788648615674,17.582150169933033,-105.7929105717683,107.24398319646768,40.023712354548024,53.00808621666168,66.42104150788843,1.0,5.800000000000001,22.441562184614988,-1.199003211570016,22.47356940913696,22.441562184614988,158.80099678842998,160.3788648615674,160.3788648615674,57.0,1.0,0.1,5.881562771214604,-2.4216567784285132,6.360597627915665,5.881562771214604,-2.4216567784285132,6.360597627915665,6.360597627915665,0.0,1.0,0.1,5.881562771214604,1.8833040765379963,6.175727882318184,5.881562771214604,1.8833040765379963,6.175727882318184,6.175727882318184,0.0,1.0,0.1,0.0,0.0,0.0,0.0,0.0,0.0,0.0,0.0,1.0,0.6000000000000001,0.02371235454802445,13.008086216661681,13.008107829191061,40.023712354548024,53.00808621666168,66.42104150788843,160.3788648615674,5.0,1.0,3.5,-16.53628705885236,16.090393504769693,23.072701463658362,23.46371294114764,-103.9096064952303,106.5258285439648,6.175727882318184,34.0
10_LTAN06_800km_HOT_MY_ALL_HEAT_MY_0p5,17061.0,22.62960476233603,158.72504486401678,160.33009349084682,-23.575619144425676,-43.82410040258148,49.76305450973194,-0.9460143820896469,114.9009444614353,114.90483880734075,1.0,5.800000000000001,22.62960476233603,-1.2749551359832196,22.665491882999397,22.62960476233603,158.72504486401678,160.33009349084682,160.33009349084682,57.0,1.0,0.1,6.069605348935646,-2.497608702841717,6.563395335063925,6.069605348935646,-2.497608702841717,6.563395335063925,6.563395335063925,0.0,1.0,0.1,6.069605348935646,1.8963999068270425,6.358965458189077,6.069605348935646,1.8963999068270425,6.358965458189077,6.358965458189077,0.0,1.0,0.1,0.0,0.0,0.0,0.0,0.0,0.0,0.0,0.0,1.0,3.2,-0.9460143820896469,-5.0990555385646985,5.186068896234197,-0.9460143820896469,114.9009444614353,114.90483880734075,160.33009349084682,31.0,1.0,0.30000000000000004,22.49398620450997,-1.9277004957544364,22.576435603744375,-17.50601379549003,-41.927700495754436,45.43558724028527,6.358965458189077,2.0
10_LTAN06_800km_HOT_MY_ALL_HEAT_MY_0p5,17121.5,22.78933748551792,158.66642063779892,160.29468781291467,-11.305592040438025,8.469198034672065,14.12599471666717,11.483745445079894,167.135618672471,167.5296733073787,1.0,5.800000000000001,22.78933748551792,-1.3335793622010783,22.828323130359813,22.78933748551792,158.66642063779892,160.29468781291467,160.29468781291467,57.0,1.0,0.1,6.229338072117535,-2.5562329290595756,6.7334225772887235,6.229338072117535,-2.5562329290595756,6.7334225772887235,6.7334225772887235,0.0,1.0,0.1,6.229338072117535,1.8728178400546085,6.504775128992533,6.229338072117535,1.8728178400546085,6.504775128992533,6.504775128992533,0.0,1.0,0.1,0.0,0.0,0.0,0.0,0.0,0.0,0.0,0.0,1.0,5.800000000000001,11.483745445079894,7.135618672470997,13.52011328674098,11.483745445079894,167.135618672471,167.5296733073787,160.29468781291467,57.0,1.0,0.1,-5.07625396832049,10.342015874726684,11.520661730299533,-5.07625396832049,10.342015874726684,11.520661730299533,6.504775128992533,0.0
10_LTAN06_800km_HOT_MY_ALL_HEAT_MY_0p5,17182.0,22.92089040803696,158.62461115535274,160.27206394529304,53.86190197320013,-74.69420230831489,92.08869823515855,76.7827923812371,83.93040884703785,113.7537284447903,1.0,5.800000000000001,22.92089040803696,-1.3753888446472615,22.962119056638063,22.92089040803696,158.62461115535274,160.27206394529304,160.27206394529304,57.0,1.0,0.1,6.360890994636577,-2.5980424115057588,6.8710085589839975,6.360890994636577,-2.5980424115057588,6.8710085589839975,6.8710085589839975,0.0,1.0,0.1,6.360890994636577,1.8595771217839854,6.627138244937336,6.360890994636577,1.8595771217839854,6.627138244937336,6.627138244937336,0.0,1.0,0.1,0.0,0.0,0.0,0.0,0.0,0.0,0.0,0.0,1.0,1.8,-3.217207618762899,3.930408847037853,5.07922617798218,76.7827923812371,83.93040884703785,113.7537284447903,160.27206394529304,17.0,1.0,1.7000000000000002,20.222792967836718,7.1653748134691,21.454695328470258,60.22279296783672,-72.8346251865309,94.50749927338764,6.627138244937336,16.0
10_LTAN06_800km_HOT_MY_ALL_HEAT_MY_0p5,17242.5,23.02113853787777,158.6011370876044,160.26320072013178,4.818066110448903,-103.28243891054542,103.39475783788656,27.839204648326675,55.31869817705898,61.92882756403484,1.0,5.800000000000001,23.02113853787777,-1.3988629123956002,23.063599828037187,23.02113853787777,158.6011370876044,160.26320072013178,160.26320072013178,57.0,1.0,0.1,6.461139124477388,-2.6215164792540975,6.972708758929576,6.461139124477388,-2.6215164792540975,6.972708758929576,6.972708758929576,0.0,1.0,0.1,6.461139124477388,1.8647083394814103,6.724838732429496,6.461139124477388,1.8647083394814103,6.724838732429496,6.724838732429496,0.0,1.0,0.1,0.0,0.0,0.0,0.0,0.0,0.0,0.0,0.0,1.0,0.6000000000000001,-12.160795351673325,15.318698177058977,19.558820450761072,27.839204648326675,55.31869817705898,61.92882756403484,160.26320072013178,5.0,1.0,1.5,11.279205234926291,-21.417730571064013,24.206190397216133,11.279205234926291,-101.41773057106401,102.04301320970741,6.724838732429496,14.0
10_LTAN06_800km_HOT_MY_ALL_HEAT_MY_0p5,17303.0,23.091197842630663,158.59477788993954,160.26698659351766,-90.22357192447369,-95.34892521274462,131.2696098494859,-67.13237408184303,63.24585267719492,92.23228030754716,1.0,5.800000000000001,23.091197842630663,-1.405222110060464,23.13391594577351,23.091197842630663,158.59477788993954,160.26698659351766,160.26698659351766,57.0,1.0,0.1,6.53119842923028,-2.6278756769189613,7.040048543534509,6.53119842923028,-2.6278756769189613,7.040048543534509,7.040048543534509,0.0,1.0,0.1,6.53119842923028,1.8616121769059646,6.79132923801995,6.53119842923028,1.8616121769059646,6.79132923801995,6.79132923801995,0.0,1.0,0.1,0.0,0.0,0.0,0.0,0.0,0.0,0.0,0.0,1.0,1.0,12.867625918156975,-16.754147322805082,21.125275129187827,-67.13237408184303,63.24585267719492,92.23228030754716,160.26698659351766,9.0,1.0,1.1,-3.6923734952434017,-13.487313035838653,13.983605935347265,-83.6923734952434,-93.48731303583865,125.47625703665298,6.79132923801995,10.0
10_LTAN06_800km_HOT_MY_ALL_HEAT_MY_0p5,17363.5,23.129941439401904,158.60491692781355,160.28260624493475,-84.7854158252166,-92.66037666006078,125.59662471356158,-61.6554743858147,65.94454026775277,90.27779302167903,1.0,5.800000000000001,23.129941439401904,-1.395083072186452,23.171975482648488,23.129941439401904,158.60491692781355,160.28260624493475,160.28260624493475,57.0,1.0,0.1,6.56994202600152,-2.6177366390449492,7.072247403507552,6.56994202600152,-2.6177366390449492,7.072247403507552,7.072247403507552,0.0,1.0,0.1,6.56994202600152,1.8464035798774887,6.824466602219207,6.56994202600152,1.8464035798774887,6.824466602219207,6.824466602219207,0.0,1.0,0.1,0.0,0.0,0.0,0.0,0.0,0.0,0.0,0.0,1.0,1.0,18.3445256141853,-14.055459732247229,23.110118309829655,-61.6554743858147,65.94454026775277,90.27779302167903,160.28260624493475,9.0,1.0,1.1,1.78452620078491,-10.813973080183288,10.960225706627426,-78.21547379921509,-90.81397308018329,119.8534023223536,6.824466602219207,10.0
10_LTAN06_800km_HOT_MY_ALL_HEAT_MY_0p5,17424.0,23.13507195339339,158.63151600143837,160.30966727931064,-35.70837365517104,-106.20619020002492,112.04839483857492,-12.573301701777648,52.42532580141345,53.91199032746121,1.0,5.800000000000001,23.13507195339339,-1.3684839985616293,23.17551084103668,23.13507195339339,158.63151600143837,160.30966727931064,160.30966727931064,57.0,1.0,0.1,6.5750725399930054,-2.5911375654201265,7.067218178965569,6.5750725399930054,-2.5911375654201265,7.067218178965569,7.067218178965569,0.0,1.0,0.1,6.5750725399930054,1.8444338112910543,6.8288736253062785,6.5750725399930054,1.8444338112910543,6.8288736253062785,6.8288736253062785,0.0,1.0,0.1,0.0,0.0,0.0,0.0,0.0,0.0,0.0,0.0,1.0,0.4,-12.573301701777648,12.42532580141345,17.677008710616047,-12.573301701777648,52.42532580141345,53.91199032746121,160.30966727931064,3.0,1.0,3.1,10.866698884821968,15.638243611266134,19.04310394601408,-29.133301115178032,-104.36175638873387,108.35185937679643,6.8288736253062785,30.0
10_LTAN06_800km_HOT_MY_ALL_HEAT_MY_0p5,17484.5,23.10843382964726,158.67342187283683,160.34729346918968,30.143502692170603,-88.89746134914124,93.86900121379239,53.25193652181787,69.77596052369559,87.77501586629333,1.0,5.800000000000001,23.10843382964726,-1.3265781271631738,23.146479723419148,23.10843382964726,158.67342187283683,160.34729346918968,160.34729346918968,57.0,1.0,0.1,6.548434416246877,-2.549231694021671,7.027131387251215,6.548434416246877,-2.549231694021671,7.027131387251215,7.027131387251215,0.0,1.0,0.1,6.548434416246877,1.8324341307414613,6.799985893176014,6.548434416246877,1.8324341307414613,6.799985893176014,6.799985893176014,0.0,1.0,0.1,0.0,0.0,0.0,0.0,0.0,0.0,0.0,0.0,1.0,1.6,13.251936521817868,-10.224039476304412,16.73752684213893,53.25193652181787,69.77596052369559,87.77501586629333,160.34729346918968,15.0,1.0,1.7000000000000002,-3.308062891582516,-7.065027218399777,7.801146690800973,36.691937108417484,-87.06502721839978,94.48077695123362,6.799985893176014,16.0
10_LTAN06_800km_HOT_MY_ALL_HEAT_MY_0p5,17545.0,23.05166411712737,158.72730761626062,160.39244808180928,-61.4651850484604,-114.24341230845579,129.72866386778716,-38.413520931333025,44.48389530780483,58.77427610866595,1.0,5.800000000000001,23.05166411712737,-1.2726923837393826,23.086770334381676,23.05166411712737,158.72730761626062,160.39244808180928,160.39244808180928,57.0,1.0,0.1,6.491664703726986,-2.49534595059788,6.954743851413941,6.491664703726986,-2.49534595059788,6.954743851413941,6.954743851413941,0.0,1.0,0.1,6.491664703726986,1.8037981896434587,6.737610743770806,6.491664703726986,1.8037981896434587,6.737610743770806,6.737610743770806,0.0,1.0,0.1,0.0,0.0,0.0,0.0,0.0,0.0,0.0,0.0,1.0,0.2,1.586479068666975,4.483895307804829,4.756283524630612,-38.413520931333025,44.48389530780483,58.77427610866595,160.39244808180928,1.0,1.0,3.1,-14.973520344733409,7.5603858811876705,16.77396036082735,-54.97352034473341,-112.43961411881233,125.15891802936073,6.737610743770806,30.0
10_LTAN06_800km_HOT_MY_ALL_HEAT_MY_0p5,17605.5,22.965895155202976,158.79132695463744,160.4435036275833,-40.385107021945544,-72.17860953670885,82.7085759992679,-17.419211866742568,86.6127174179286,88.34699633024553,1.0,5.800000000000001,22.965895155202976,-1.2086730453625592,22.99767881353163,22.965895155202976,158.79132695463744,160.4435036275833,160.4435036275833,57.0,1.0,0.1,6.405895741802592,-2.4313266122210564,6.851777094312022,6.405895741802592,-2.4313266122210564,6.851777094312022,6.851777094312022,0.0,1.0,0.1,6.405895741802592,1.807285862581324,6.65595841663174,6.405895741802592,1.807285862581324,6.65595841663174,6.65595841663174,0.0,1.0,0.1,0.0,0.0,0.0,0.0,0.0,0.0,0.0,0.0,1.0,1.2000000000000002,22.580788133257432,6.612717417928593,23.529131398511844,-17.419211866742568,86.6127174179286,88.34699633024553,160.4435036275833,11.0,1.0,1.3,6.020788719857052,9.628676325872476,11.356113093729519,-33.97921128014295,-70.37132367412752,78.14544129294693,6.65595841663174,12.0
10_LTAN06_800km_HOT_MY_ALL_HEAT_MY_0p5,17666.0,22.85201915012863,158.86535801671968,160.50051949142835,-18.257142953856484,-141.69198126501948,142.86336417585923,4.594876196272146,17.173376751700204,17.777450782238308,1.0,5.800000000000001,22.85201915012863,-1.1346419832803178,22.88017027183294,22.85201915012863,158.86535801671968,160.50051949142835,160.50051949142835,57.0,1.0,0.1,6.292019736728246,-2.357295550138815,6.719103710918745,6.292019736728246,-2.357295550138815,6.719103710918745,6.719103710918745,0.0,1.0,0.1,6.292019736728246,1.7989204893713122,6.544129223545155,6.292019736728246,1.7989204893713122,6.544129223545155,6.544129223545155,0.0,1.0,0.1,0.0,0.0,0.0,0.0,0.0,0.0,0.0,0.0,1.0,0.1,4.594876196272146,17.173376751700204,17.777450782238308,4.594876196272146,17.173376751700204,17.777450782238308,160.50051949142835,0.0,1.0,3.3000000000000003,-11.965123217128237,-19.893060775648166,23.21417757803823,-11.965123217128237,-139.89306077564817,140.40381984397808,6.544129223545155,32.0
10_LTAN06_800km_HOT_MY_ALL_HEAT_MY_0p5,17726.5,22.708089802848683,158.94587559840653,160.55979793285232,-28.668221375283203,-118.16582999193182,121.59370992984948,-5.96013157243452,40.780045606474715,41.213290186866764,1.0,5.800000000000001,22.708089802848683,-1.0541244015934694,22.732543208982914,22.708089802848683,158.94587559840653,160.55979793285232,160.55979793285232,57.0,1.0,0.1,6.148090389448299,-2.2767779684519667,6.556121822728342,6.148090389448299,-2.2767779684519667,6.556121822728342,6.556121822728342,0.0,1.0,0.1,6.148090389448299,1.793622682942754,6.404381138376549,6.148090389448299,1.793622682942754,6.404381138376549,6.404381138376549,0.0,1.0,0.1,0.0,0.0,0.0,0.0,0.0,0.0,0.0,0.0,1.0,0.4,-5.96013157243452,0.7800456064747152,6.010959949035701,-5.96013157243452,40.780045606474715,41.213290186866764,160.55979793285232,3.0,1.0,3.1,17.479869014165097,3.6277926910109386,17.852358403340478,-22.520130985834903,-116.37220730898906,118.53120658115941,6.404381138376549,30.0
10_LTAN06_800km_HOT_MY_ALL_HEAT_MY_0p5,17787.0,22.535015703806582,159.0318974445676,160.62058192395602,-30.45179640869342,-96.39593720595057,101.09148635928784,-7.916780704886836,62.63596023861702,63.13429283474141,1.0,5.800000000000001,22.535015703806582,-0.9681025554324094,22.55580092412247,22.535015703806582,159.0318974445676,160.62058192395602,160.62058192395602,57.0,1.0,0.1,5.975016290406199,-2.1907561222909067,6.363979262849192,5.975016290406199,-2.1907561222909067,6.363979262849192,6.363979262849192,0.0,1.0,0.1,5.975016290406199,1.819065573300776,6.245784116553144,5.975016290406199,1.819065573300776,6.245784116553144,6.245784116553144,0.0,1.0,0.1,0.0,0.0,0.0,0.0,0.0,0.0,0.0,0.0,1.0,0.4,-7.916780704886836,22.635960238617017,23.98045271994503,-7.916780704886836,62.63596023861702,63.13429283474141,160.62058192395602,3.0,1.0,1.3,15.52321988171278,-14.576871632649798,21.294495581975013,-24.47678011828722,-94.5768716326498,97.69287288629451,6.245784116553144,12.0
10_LTAN06_800km_HOT_MY_ALL_HEAT_MY_0p5,17847.5,22.334368462791947,159.12321073286623,160.6829804570724,-59.12240270761286,-42.14707801869427,72.6074010513739,-36.78803424482092,116.97613271417195,122.62452890169114,1.0,5.800000000000001,22.334368462791947,-0.8767892671337734,22.351572071125478,22.334368462791947,159.12321073286623,160.6829804570724,160.6829804570724,57.0,1.0,0.1,5.774369049391563,-2.0994428339922706,6.1441840899970375,5.774369049391563,-2.0994428339922706,6.1441840899970375,6.1441840899970375,0.0,1.0,0.1,5.774369049391563,1.853157521615202,6.064448096776014,5.774369049391563,1.853157521615202,6.064448096776014,6.064448096776014,0.0,1.0,0.1,0.0,0.0,0.0,0.0,0.0,0.0,0.0,0.0,1.0,3.0,3.2119657551790795,-3.0238672858280466,4.411405374111995,-36.78803424482092,116.97613271417195,122.62452890169114,160.6829804570724,29.0,1.0,0.30000000000000004,-13.348033658221304,-0.2939204970790712,13.351269295449478,-53.348033658221304,-40.29392049707907,66.85516228552318,6.064448096776014,2.0
10_LTAN06_800km_HOT_MY_ALL_HEAT_MY_0p5,17908.0,22.11042315322372,159.2142238902952,160.74215346636257,-45.39538059846106,-89.716394699673,100.547362260711,-23.28495744523734,69.49782919062218,73.29486684233359,1.0,5.800000000000001,22.11042315322372,-0.7857761097048126,22.124381485347662,22.11042315322372,159.2142238902952,160.74215346636257,160.74215346636257,57.0,1.0,0.1,5.550423739823337,-2.00842967656331,5.902625979790239,5.550423739823337,-2.00842967656331,5.902625979790239,5.902625979790239,0.0,1.0,0.1,5.550423739823337,1.8366099175373165,5.846395443415618,5.550423739823337,1.8366099175373165,5.846395443415618,5.846395443415618,0.0,1.0,0.1,0.0,0.0,0.0,0.0,0.0,0.0,0.0,0.0,1.0,1.2000000000000002,16.71504255476266,-10.502170809377816,19.74052277212724,-23.28495744523734,69.49782919062218,73.29486684233359,160.74215346636257,11.0,1.0,1.3,0.15504314136227748,-7.879784782135687,7.881309953837664,-39.84495685863772,-87.87978478213569,96.49081386547213,5.846395443415618,12.0
10_LTAN06_800km_HOT_MY_ALL_HEAT_MY_0p5,17968.5,21.864502630399866,159.30591189569168,160.79934713857716,-39.8147211638112,-112.14132137836233,118.99952933451955,-17.950218533411334,47.164590517329344,50.46492786148195,1.0,5.800000000000001,21.864502630399866,-0.6940881043083209,21.87551676124029,21.864502630399866,159.30591189569168,160.79934713857716,160.79934713857716,57.0,1.0,0.1,5.304503216999482,-1.9167416711668182,5.640182001774874,5.304503216999482,-1.9167416711668182,5.640182001774874,5.640182001774874,0.0,1.0,0.1,5.304503216999482,1.8138777175925327,5.606059824291616,5.304503216999482,1.8138777175925327,5.606059824291616,5.606059824291616,0.0,1.0,0.1,0.0,0.0,0.0,0.0,0.0,0.0,0.0,0.0,1.0,0.2,22.049781466588666,7.164590517329344,23.184568574923333,-17.950218533411334,47.164590517329344,50.46492786148195,160.79934713857716,1.0,1.0,3.1,5.489782053188279,9.672556339230198,11.12187273471021,-34.51021794681172,-110.3274436607698,115.59887528629672,5.606059824291616,30.0
10_LTAN06_800km_HOT_MY_ALL_HEAT_MY_0p5,18029.0,21.598588229966555,159.39892958481013,160.8555804636908,0.734025066439604,-57.398707030296634,57.40340026120391,22.33261329640616,102.0002225545135,104.41643078470506,1.0,5.800000000000001,21.598588229966555,-0.6010704151898665,21.606950251520143,21.598588229966555,159.39892958481013,160.8555804636908,160.8555804636908,57.0,1.0,0.1,5.038588816566172,-1.8237239820483637,5.358483593809357,5.038588816566172,-1.8237239820483637,5.358483593809357,5.358483593809357,0.0,1.0,0.1,5.038588816566172,1.7924527267425674,5.347921469134767,5.038588816566172,1.7924527267425674,5.347921469134767,5.347921469134767,0.0,1.0,0.1,0.0,0.0,0.0,0.0,0.0,0.0,0.0,0.0,0.0,nan,nan,nan,nan,22.33261329640616,102.0002225545135,104.41643078470506,160.8555804636908,nan,1.0,0.5,5.772613883005775,-15.606254303554067,16.639658783444776,5.772613883005775,-55.60625430355407,55.90508553534102,5.347921469134767,4.0
10_LTAN06_800km_HOT_MY_ALL_HEAT_MY_0p5,18089.5,21.31662353842424,159.4946757577103,160.9128647254036,-99.52254323093196,-62.343975607195574,117.43725092858449,-78.20591969250772,97.15070015051472,124.71737815832319,1.0,5.800000000000001,21.31662353842424,-0.5053242422897029,21.322612214940925,21.31662353842424,159.4946757577103,160.9128647254036,160.9128647254036,57.0,1.0,0.1,4.756624125023855,-1.7279778091482,5.060768753427444,4.756624125023855,-1.7279778091482,5.060768753427444,5.060768753427444,0.0,1.0,0.1,4.756624125023855,1.7989619834853272,5.085443666464551,4.756624125023855,1.7989619834853272,5.085443666464551,5.085443666464551,0.0,1.0,0.1,0.0,0.0,0.0,0.0,0.0,0.0,0.0,0.0,1.0,1.0,1.7940803074922798,17.150700150514723,17.244281365211986,-78.20591969250772,97.15070015051472,124.71737815832319,160.9128647254036,9.0,1.0,1.1,-14.765919105908097,19.454986376289753,24.423940344339233,-94.7659191059081,-60.54501362371025,112.45567170526695,5.085443666464551,10.0
10_LTAN06_800km_HOT_MY_ALL_HEAT_MY_0p5,18150.0,21.019666297118142,159.5918443801028,160.97013127871008,-14.738009569872741,-86.225097516462,87.4755758358014,6.281656727245402,73.3667468636408,73.63517336567148,1.0,5.800000000000001,21.019666297118142,-0.40815561989720095,21.023628665200924,21.019666297118142,159.5918443801028,160.97013127871008,160.97013127871008,57.0,1.0,0.1,4.459666883717759,-1.6308091867556982,4.748491056886982,4.459666883717759,-1.6308091867556982,4.748491056886982,4.748491056886982,0.0,1.0,0.1,4.459666883717759,1.8104233769101086,4.813134271697754,4.459666883717759,1.8104233769101086,4.813134271697754,4.813134271697754,0.0,1.0,0.1,0.0,0.0,0.0,0.0,0.0,0.0,0.0,0.0,1.0,1.4000000000000001,6.281656727245402,-6.633253136359201,9.135603888630822,6.281656727245402,73.3667468636408,73.63517336567148,160.97013127871008,13.0,1.0,1.5,-10.278342686154982,-4.414674139551892,11.186316468456623,-10.278342686154982,-84.41467413955189,85.03811814980837,4.813134271697754,14.0
